u,redshift,g,r,i,z,Y
0.03904225516940121,0.01,0.04447723017419486,0.04378593340434784,0.04416664449461246,0.046211978992450366,0.046853927728608025
0.038983303428300815,0.011,0.04452701858358729,0.04382743437960044,0.04420868917896628,0.04624019009807971,0.0469049931195024
0.03891506664459303,0.011999999999999999,0.04457710155506966,0.04386867120512716,0.04425073188077102,0.04626690299121378,0.04695589158493499
0.03883890000006213,0.012999999999999998,0.04462726148301296,0.043909760044125126,0.044292915867469085,0.04629120347553439,0.047005630454104476
0.038755830379797955,0.013999999999999997,0.044677020095421766,0.043950616895512315,0.04433540052504883,0.04631261079221292,0.0470554187356834
0.038667303116344594,0.014999999999999996,0.04472616097616713,0.043991351643023764,0.044378230538353575,0.04633259574380124,0.047106490248709096
0.03857460586539113,0.015999999999999993,0.04477432110155341,0.04403210167317934,0.044421436336050106,0.0463523046894066,0.047159287001673905
0.03847901978705281,0.016999999999999994,0.044821230137490065,0.04407280476824986,0.04446507413371283,0.046371242213634305,0.04721313813560317
0.03838227990041534,0.017999999999999995,0.0448672509385011,0.04411361644573466,0.044509110443284185,0.04639011635500021,0.047268478125740185
0.03828568120029819,0.018999999999999993,0.04491250590228627,0.04415450963217821,0.04455368552875507,0.04641061266773001,0.04732431891896156
0.03819045413086569,0.01999999999999999,0.04495739263713058,0.044195456851236936,0.04459891291604731,0.046434057484602005,0.0473799666288105
0.038098941606472383,0.02099999999999999,0.04500252586756118,0.044236486009790646,0.04464470517615994,0.046460003791036264,0.04743449149069196
0.03801228779425843,0.021999999999999992,0.0450482146206397,0.04427763982165848,0.044690951467226084,0.04648751924646574,0.04748707632499256
0.037930449879594645,0.02299999999999999,0.04509475561894076,0.04431889871129384,0.044737649907130826,0.046515269810697986,0.047537255056408566
0.0378535539626594,0.023999999999999987,0.045142410878194136,0.04435998930088993,0.044784722705724284,0.04654241930572668,0.04758602421063172
0.037780878512092164,0.024999999999999988,0.04519088002106667,0.04440087188985479,0.04483203443481987,0.04656889822672927,0.04763302600586011
0.03771074427005859,0.02599999999999999,0.045239821972370954,0.044441608200525576,0.04487923487220524,0.0465955770512443,0.04767709778683438
0.03764133445716998,0.02699999999999999,0.04528891105054078,0.044482188543947906,0.04492605001763505,0.04662223147652535,0.04771746968623934
0.03756975073130643,0.027999999999999983,0.04533774289901111,0.0445226812649736,0.04497245279383357,0.046649180292911485,0.047754907984320735
0.03749368209057965,0.028999999999999984,0.045386091488692576,0.044563104952324795,0.04501837648444485,0.04667676333955615,0.04779045799244287
0.03741121358019563,0.029999999999999985,0.04543381194197615,0.0446034625381386,0.04506375401942922,0.04670499608924793,0.04782416086883813
0.037321323393653474,0.030999999999999986,0.04548074555464297,0.04464364782703161,0.045108646394095196,0.046734077544220216,0.04785706346118187
0.037223903492403274,0.03199999999999998,0.045526952194919534,0.044683527047523174,0.045153153107594636,0.046764340497731,0.047892210968200455
0.037120471966603015,0.03299999999999998,0.045572433354507516,0.04472324732124174,0.04519736296573254,0.04679537955393667,0.04793043829754021
0.03701285152556177,0.03399999999999998,0.04561746962761923,0.04476278383369146,0.045241378634503907,0.046826230609516406,0.047971636208160855
0.03690339371940963,0.03499999999999998,0.04566231848693065,0.044802249147946595,0.045285270576287576,0.046857281888485466,0.048016589975290576
0.03679466153320151,0.035999999999999976,0.04570725982908054,0.04484162421939194,0.04532895980848204,0.046888222527911076,0.04806505423045568
0.03668867908338447,0.03699999999999998,0.04575255309481615,0.04488094584945236,0.04537247013718911,0.04691712299463808,0.04811465223350822
0.036586783136466766,0.03799999999999998,0.04579829682679974,0.04492034903648468,0.04541607733391891,0.04694281803793533,0.048164955926047956
0.03648956243157951,0.03899999999999998,0.045844351467866064,0.04495978129313659,0.04545995932640754,0.046967010287093006,0.048216677305103095
0.03639705853964726,0.03999999999999997,0.045890620216109845,0.0449994271839238,0.04550411504299647,0.0469914220921617,0.04826880167888511
0.03630887503886276,0.040999999999999974,0.04593692225503158,0.045039185876130546,0.04554852264151163,0.047015303011543906,0.04831927368183931
0.03622433835599685,0.041999999999999975,0.045982977970631174,0.04507938239001581,0.04559293993841698,0.04704032523019558,0.04836898658151922
0.03614215994607133,0.042999999999999976,0.04602858206568401,0.04512059587846045,0.04563692836112011,0.04706885363984174,0.048419058654443084
0.03606102092536146,0.04399999999999998,0.046073512858562204,0.04516313927066076,0.045680341276064886,0.047101686640169615,0.04846844683509355
0.03597926604340445,0.04499999999999997,0.04611770694519299,0.045206122915936855,0.04572334415216292,0.047137302743466,0.048516556864291585
0.03589539713910137,0.04599999999999997,0.046161202974668504,0.04524841512791426,0.045766067290904155,0.0471753969443515,0.04856398107911043
0.03580901282813149,0.04699999999999997,0.04620417503781128,0.04529000090683159,0.04580853443514712,0.04721319967327033,0.04861086789548698
0.03571988641472967,0.047999999999999966,0.046246727311963505,0.04533044096531031,0.04585075820956785,0.047248640026720065,0.04865669406535286
0.03562867716609861,0.04899999999999997,0.04628901811208085,0.045369511162201434,0.045892805724898705,0.04728189714300398,0.04870074749441569
0.03553674485745253,0.04999999999999997,0.04633103788897716,0.04540778760235568,0.04593480887720169,0.0473146111129473,0.04874421610520828
0.03544545318118785,0.05099999999999997,0.04637277961425824,0.0454457515026996,0.04597688304728479,0.04734702790992218,0.048786668433682866
0.03535622780585483,0.05199999999999997,0.04641424439253586,0.04548354920309438,0.04601915144791702,0.04737932210139106,0.04882785902476712
0.03527027130210642,0.052999999999999964,0.04645543037313431,0.04552144734713727,0.04606171561278252,0.04741058714523336,0.04886753464013245
0.03518822541570602,0.053999999999999965,0.04649635753272751,0.04555977237930731,0.046104681723807404,0.04743985754109792,0.04890549105170486
0.03511045547051647,0.054999999999999966,0.046536982976309725,0.04559849162516729,0.04614810157132295,0.047467517564370655,0.04894172188740771
0.03503704212483152,0.05599999999999996,0.046577145715916105,0.0456376714065568,0.046191820925443175,0.04749375395256507,0.048978914389632984
0.034968021795844226,0.05699999999999996,0.04661675225717947,0.045677203564854205,0.046235415048545545,0.04751661135206167,0.049017174360435706
0.03490342419895971,0.05799999999999996,0.046655709187327414,0.045716966327345655,0.04627848966377631,0.04753700485562707,0.049056387793572645
0.034842971624705656,0.05899999999999996,0.04669388336777637,0.0457567782127225,0.04632100970333261,0.04755864372340861,0.04909771169967405
0.03478654871594056,0.05999999999999996,0.04673120742630493,0.04579655056252875,0.046363131392564844,0.04758357968275714,0.04914250187727934
0.03473426861405329,0.06099999999999996,0.04676759010337881,0.04583623126432543,0.0464048756763718,0.04761047899446726,0.049188954719717466
0.03468616088461755,0.06199999999999996,0.046803014250438035,0.04587588621933945,0.04644625141400763,0.04763866881726948,0.04923611169705498
0.03464204645455272,0.06299999999999996,0.04683751508860476,0.045915634098041246,0.04648731828439404,0.04766828833227855,0.04928401145152218
0.03460218246083028,0.06399999999999995,0.046871088000272766,0.04595548302414415,0.046528022012161614,0.04769800476490203,0.04933244984601672
0.03456666448448286,0.06499999999999995,0.04690386715877199,0.04599544994629476,0.04656826727733767,0.04772639071023739,0.0493802843414089
0.03453579867448147,0.06599999999999995,0.04693592724751493,0.0460355063003708,0.04660812685000058,0.04775296649989002,0.049427094577636305
0.034509831632901805,0.06699999999999995,0.04696715401766324,0.04607566957671913,0.04664760352373105,0.047778129179727395,0.04947338145792166
0.03448891968681975,0.06799999999999995,0.046997680775780044,0.04611597434490361,0.04668656765312572,0.04780108088834271,0.04951761399478925
0.03447317361053802,0.06899999999999995,0.04702756765225627,0.04615632542033285,0.04672501609040862,0.04782260098637155,0.04955914608360372
0.034462614926836645,0.06999999999999995,0.04705674176900307,0.04619678697594242,0.04676312908102766,0.04784437692009699,0.04959761772614253
0.034456893205037024,0.07099999999999995,0.04708535175384339,0.04623721230569134,0.04680098318759499,0.047867130871885426,0.0496326787084894
0.034455435468370724,0.07199999999999994,0.04711332120684279,0.0462776381710923,0.046838767503854226,0.04789023772915365,0.049664117589619194
0.03445796920583654,0.07299999999999994,0.04714068604625154,0.046317971701660514,0.046876475804799506,0.047914822317954894,0.04969470532362285
0.03446418497506766,0.07399999999999994,0.04716759802801576,0.04635818666017369,0.04691400423393112,0.04794139613883902,0.04972593901699634
0.03447356719021836,0.07499999999999994,0.04719387019977806,0.04639846497221072,0.0469514346651927,0.04796997464327223,0.04975934649686456
0.03448609011600144,0.07599999999999994,0.04721969161959678,0.04643871243904814,0.04698881809904998,0.04800105499594226,0.04979700450100921
0.03450184140832858,0.07699999999999994,0.04724519077351298,0.04647914436600039,0.04702622426381193,0.04803460996791014,0.049839189754646705
0.03452062833848556,0.07799999999999994,0.04727024857356313,0.04651973517214308,0.04706362849572787,0.04806794439624948,0.04988360214091467
0.034542491065214585,0.07899999999999993,0.047295062373063336,0.046560632790681206,0.047101322235166034,0.04809941519616771,0.04992906868942973
0.03456751309404777,0.07999999999999993,0.04731963248813454,0.046601759963204835,0.047139453007790995,0.048131051071199665,0.04997596038695819
0.03459553297066835,0.08099999999999993,0.0473439373083322,0.04664315609570294,0.04717803157178543,0.04816407449186105,0.0500228760682492
0.034626403567991196,0.08199999999999993,0.04736810804979982,0.04668511122907349,0.04721705632791927,0.04819564284224877,0.050066664365497615
0.034659879859638844,0.08299999999999993,0.04739207086562804,0.046727762421123864,0.04725640299585901,0.04822562263419492,0.050106339000890544
0.03469559926596015,0.08399999999999994,0.04741582514129697,0.04677139966234459,0.047295982564935515,0.04825759353972206,0.05014379113337464
0.03473309102555735,0.08499999999999994,0.04743949584940864,0.04681627789501181,0.047335435076335815,0.048293073744664766,0.050179339043136775
0.0347720384262014,0.08599999999999992,0.047463019736518376,0.0468628057160819,0.04737476684868984,0.048330101373118925,0.050211038118849534
0.0348120536928288,0.08699999999999992,0.047486433949659734,0.04691104038636212,0.04741402740543125,0.048368097030233224,0.0502395536176044
0.03485283405814361,0.08799999999999993,0.047509761040340576,0.046960678581416865,0.04745323255424211,0.04840660844063884,0.050268848711712
0.034894210715682425,0.08899999999999993,0.04753303782711283,0.047011331732174914,0.04749268140147751,0.04844315852139897,0.050299481825646974
0.03493603871599201,0.08999999999999993,0.04755633778410389,0.0470624046353958,0.04753251655409778,0.04847555927239852,0.05032977659312734
0.034978232253244285,0.09099999999999993,0.0475796403437192,0.04711321493767417,0.04757277668898652,0.048506257109407,0.05035986781603194
0.035020732393116254,0.09199999999999993,0.04760283538915655,0.04716314919266668,0.0476134184518387,0.048537021382977164,0.05039155806207475
0.03506346412187894,0.09299999999999993,0.0476258864761454,0.04721192756383725,0.04765423844995066,0.04856731669742372,0.05042132710332148
0.03510643365307085,0.09399999999999993,0.047648734230947405,0.047259365784660404,0.047694838178997355,0.0485972097289817,0.05044824701057369
0.035149645972741436,0.09499999999999992,0.04767122972740701,0.04730541748923109,0.04773472496717281,0.048628821281897404,0.050473148409032394
0.03519311460578718,0.09599999999999992,0.04769332148373792,0.04735027283001749,0.04777384588694584,0.04866136962905074,0.050496090552418646
0.03523686854358757,0.09699999999999992,0.04771486908529476,0.04739431142592863,0.04781255957770863,0.04869118492566256,0.050515082265604326
0.03528096270973702,0.09799999999999992,0.04773575826477732,0.047437805419455366,0.047851192452164765,0.04871865975677098,0.05053432670124249
0.03532538260303441,0.09899999999999992,0.04775591614252299,0.04748087650366547,0.04789010376977468,0.04874583246983029,0.05055607031836961
0.0353701552459561,0.09999999999999992,0.04777556054608027,0.047523558180564175,0.0479293540376021,0.04877496762523569,0.0505793650586565
0.03541525027403126,0.10099999999999992,0.047794666936699065,0.0475659584788422,0.04796895135194203,0.04880663946489514,0.050604030937654386
0.03546062537099289,0.10199999999999991,0.047813268627569315,0.04760822244173922,0.04800880067307468,0.048840453874408066,0.05063177113393797
0.03550623887947166,0.10299999999999991,0.04783155987972263,0.04765041777556422,0.04804880648760286,0.048874311422453555,0.05065908604766223
0.035552079014115834,0.10399999999999991,0.04784961001880835,0.047692566607928435,0.048089018433706915,0.0489067900627438,0.05068302277805349
0.035598117260854885,0.10499999999999991,0.04786753024505782,0.04773470534110862,0.04812942365954353,0.048939760478611774,0.05070541545927696
0.0356443628839012,0.10599999999999991,0.04788551890034992,0.04777688796291017,0.04817019054692911,0.04897476818116745,0.05072766057322717
0.035690792041405996,0.10699999999999991,0.04790357125362899,0.04781911505219059,0.048211056957639165,0.04901108251887078,0.05074775520230513
0.03573740621281476,0.10799999999999992,0.04792178409793166,0.047861464495247835,0.04825205953858558,0.04904739508916506,0.050764673111947
0.03578418543042914,0.10899999999999992,0.04794011358923707,0.04790396641264562,0.04829312241648791,0.049084090664264564,0.05078295059723444
0.035831098219500084,0.10999999999999992,0.04795838689833699,0.0479467021892212,0.04833397199894358,0.04912067673968875,0.050802227396808
0.03587812366516787,0.1109999999999999,0.04797671428252359,0.04798972909138838,0.04837460594744229,0.04915627576793064,0.050817756823941955
0.03592521738651497,0.1119999999999999,0.047994879114574784,0.048033009033490795,0.04841490898413825,0.0491911159208218,0.050828228920276934
0.03597234623374483,0.1129999999999999,0.04801280928465991,0.04807655978447901,0.04845505588287412,0.04922654578403702,0.05083927759700986
0.03601944645457785,0.11399999999999991,0.048030682410609093,0.048120315926922105,0.04849506881254901,0.04926104044420495,0.050851893305966324
0.036066470145953385,0.11499999999999991,0.04804847302908283,0.048164194157306835,0.048535208571258585,0.049292235537995756,0.05086134309369635
0.03611335588369547,0.11599999999999991,0.048066512939907324,0.04820811416613664,0.048575439877858714,0.04932087491804355,0.050867498246991806
0.03616008768377726,0.11699999999999991,0.048085328863119586,0.04825209035585181,0.04861558093517352,0.049350070832719854,0.05087598917709116
0.036206606824028,0.1179999999999999,0.04810516038191211,0.04829614230037749,0.04865560170163674,0.04938050331128132,0.05088806432980613
0.03625291709940624,0.1189999999999999,0.04812639985391927,0.04834020314061829,0.04869546012023569,0.04941116369926695,0.050901233917915886
0.03629901707284612,0.1199999999999999,0.04814964143668488,0.04838420578936054,0.04873516709964282,0.04944214243642276,0.05091546328350908
0.03634492080116859,0.1209999999999999,0.048174967775758616,0.04842808175841765,0.04877459542663626,0.04947508232056947,0.05093345927326264
0.036390667126336124,0.1219999999999999,0.04820245524681508,0.04847183921206335,0.04881386411977485,0.049509812964582116,0.05095311415521581
0.03643625261828783,0.1229999999999999,0.04823188230162284,0.04851546385495962,0.04885302387450008,0.049545102544104,0.050970549939936056
0.03648173638963896,0.1239999999999999,0.048262626942043654,0.04855892774422621,0.04889215597407293,0.049580206784094416,0.05098478249532996
0.03652711175883755,0.1249999999999999,0.04829396518280861,0.04860230247912511,0.04893123527667947,0.049615657987628056,0.05099815852676284
0.0365724339355176,0.12599999999999992,0.04832522035167978,0.0486457012270412,0.04897033055407483,0.0496514309488801,0.05101138049459507
0.036617722204118124,0.1269999999999999,0.04835567720915707,0.0486890613488912,0.049009412708605836,0.04968648495980694,0.05102251929810435
0.03666301430895983,0.1279999999999999,0.048384835465490605,0.048732367798957704,0.049048332406127895,0.04972100762846668,0.05103320282315188
0.03670833706719404,0.1289999999999999,0.04841214055422691,0.04877566019586451,0.049087125508002476,0.049755532629743575,0.051045509590182926
0.03675367941202031,0.1299999999999999,0.048437417615351766,0.0488189763106483,0.04912608038271948,0.049789355217510975,0.051057607872586785
0.03679908845188539,0.1309999999999999,0.04846052038094521,0.04886234451558406,0.04916545994641243,0.049821719474143385,0.05106728949421762
0.03684452711700854,0.1319999999999999,0.048481501733606984,0.04890583852278401,0.0492050903575213,0.04985251878063833,0.051074053827790206
0.03689002562538126,0.1329999999999999,0.04850057943422897,0.04894955570559003,0.04924458842490354,0.049882997591955594,0.05108082582523325
0.036935571236222486,0.1339999999999999,0.048518088561977965,0.048993536561406446,0.049283958655509275,0.0499135510689513,0.05108819928044785
0.036981179891595335,0.1349999999999999,0.04853419051384128,0.04903779808976247,0.0493233638271275,0.04994452492153443,0.051096905279213296
0.03702685061438995,0.1359999999999999,0.04854910363422399,0.04908236699036903,0.049363086320850555,0.04997565858740681,0.05110591865641498
0.03707259983808986,0.1369999999999999,0.04856301649103459,0.04912730613694964,0.04940302161420064,0.05000711610274822,0.05111507132945071
0.03711844721955956,0.1379999999999999,0.04857606116860397,0.04917261910801356,0.049443244269513284,0.050039554767102284,0.05112567935691248
0.037164411358056634,0.1389999999999999,0.04858842852928987,0.049218343693754545,0.04948380220393896,0.05007285020094457,0.0511372968111713
0.03721051533296907,0.1399999999999999,0.048600217130533606,0.04926448033159498,0.04952438777928427,0.050106879091521866,0.05114974264401131
0.03725676982273402,0.1409999999999999,0.0486115295349129,0.04931099328782019,0.04956481970091085,0.050140361910799784,0.0511606784384205
0.037303189050399525,0.1419999999999999,0.04862237760820434,0.049357865058344184,0.04960493854452977,0.05017320797672121,0.051170785118483435
0.037349788068798774,0.1429999999999999,0.048632731177143604,0.0494050038609392,0.049645168780996334,0.05020549530708058,0.05118086954869151
0.03739657013334524,0.1439999999999999,0.04864262712743826,0.049452262583380036,0.049685543477960004,0.05023846022952217,0.051193915116280624
0.03744354109149733,0.1449999999999999,0.04865214759355303,0.04949948633517272,0.04972607032056565,0.050271716981649305,0.051208634572579216
0.037490694260892105,0.1459999999999999,0.048661248036952647,0.049546600799902134,0.04976669170196242,0.050304926134756595,0.051223107779624244
0.037538054308166556,0.14699999999999988,0.048670028095269866,0.049593481120930295,0.0498073722042467,0.050338289411157755,0.051237200875756186
0.0375856092989207,0.14799999999999988,0.0486785820948233,0.04964000764994141,0.04984832621384132,0.050372618330406925,0.05125244837953983
0.03763338003898613,0.14899999999999988,0.04868691684152834,0.04968608710370318,0.04988953839517742,0.050408804087358074,0.05127078059235001
0.03768134627334906,0.14999999999999988,0.04869508851666221,0.04973171071633101,0.04993123770505546,0.05044630578481363,0.051290688019876796
0.03772953769057581,0.15099999999999988,0.04870307060017332,0.04977693505104533,0.04997349628213014,0.05048457014707825,0.051311304508645496
0.037777935916628085,0.15199999999999989,0.048710892074714573,0.049821837943730594,0.050016625889279416,0.0505227118348695,0.05133133087876273
0.037826559620950766,0.15299999999999989,0.04871861261709965,0.049866396575639654,0.0500618357798596,0.05056071142824291,0.05135157529267701
0.037875418614912296,0.1539999999999999,0.0487262542374789,0.049910537288051844,0.05011101074534375,0.05059840281393016,0.05137226539179484
0.03792449582534718,0.1549999999999999,0.04873386159052234,0.04995422031604972,0.0501645426959488,0.05063570795880394,0.051393649269374515
0.03797379502911739,0.1559999999999999,0.04874153657378877,0.049997315846217784,0.05021979098237558,0.05067226678594953,0.05141500640053488
0.03802328939428408,0.1569999999999999,0.04874919379004011,0.05003962393261143,0.05027337715692836,0.050708165179997905,0.05143610493517647
0.03807296513388277,0.1579999999999999,0.04875699148211897,0.050080918795904164,0.050324272744057236,0.05074366810250431,0.051457190046644036
0.03812278715776204,0.1589999999999999,0.048765050110050535,0.05012117840774854,0.05037227888240291,0.05077894470625422,0.05147866319067005
0.038172720612963694,0.1599999999999999,0.04877323492812089,0.05016029893418198,0.05041688408989205,0.050814233661739185,0.05150072140873285
0.03822271853606459,0.1609999999999999,0.048781457369452406,0.050198190302789915,0.050457916583458155,0.05084986940769693,0.05152313748515309
0.03827271811652411,0.16199999999999987,0.048789625191549994,0.05023496979786169,0.05049662897961175,0.050886236817311005,0.051546154955493036
0.03832269605758879,0.16299999999999987,0.04879761068702332,0.05027089106986431,0.05053384841346174,0.05092351515288979,0.051569835834026856
0.03837258347569649,0.16399999999999987,0.04880543232729672,0.050306255564540735,0.05056957792533286,0.050961897679707525,0.051594459142304185
0.03842236271136973,0.16499999999999987,0.04881301983402011,0.050341474778244646,0.05060438524543569,0.051001544459227235,0.051620112805575394
0.03847200833394646,0.16599999999999987,0.048820236459240066,0.05037701878768147,0.05063907089915867,0.05104257122484387,0.05164658503571221
0.03852147797019145,0.16699999999999987,0.04882714675264047,0.05041313027446039,0.05067448040763373,0.051084951578997534,0.05167360703706167
0.03857078075056938,0.16799999999999987,0.04883368305923548,0.05045000950599353,0.05071110131578087,0.05112841055939807,0.05170114473326756
0.03861989837887185,0.16899999999999987,0.04883988475624778,0.050487933537320055,0.05074926697844597,0.05117267303178994,0.0517290883633823
0.03866884903549333,0.16999999999999987,0.04884588656547685,0.05052708375206236,0.05078904514101791,0.05121738625579607,0.051757160502253124
0.03871765578853437,0.17099999999999987,0.04885160162889764,0.050567426041385,0.0508300835212767,0.0512622749621826,0.05178538159312464
0.03876634649397442,0.17199999999999988,0.048857170699799404,0.050608951224809545,0.050872114286402384,0.0513070264590398,0.051813580770123845
0.03881496863553791,0.17299999999999988,0.048862643768289096,0.05065162336517191,0.05091449537066422,0.05135134857383645,0.051841678671162746
0.0388635530241662,0.17399999999999988,0.04886797139421393,0.05069526627367429,0.05095691739889361,0.05139511169152197,0.051870091578297695
0.03891213145246091,0.17499999999999988,0.048873262611774285,0.050739675346640103,0.05099939422533362,0.051438296762560815,0.05189899599469266
0.03896074402358509,0.17599999999999988,0.048878507174454855,0.05078470479666812,0.051041923904252245,0.051480920557773875,0.0519284991070386
0.03900941044291671,0.17699999999999988,0.048883689454311804,0.05083021135960281,0.05108450593396093,0.051522954231970064,0.051959083597643736
0.039058154087223934,0.17799999999999988,0.048888786107517866,0.05087611306155581,0.0511268254281926,0.0515644432965552,0.05199071698390925
0.0391069932099657,0.17899999999999985,0.048893634991175286,0.05092229732202204,0.051168974094170004,0.05160539664071767,0.05202339236602085
0.03915592495893666,0.17999999999999985,0.04889820036365843,0.050968711662748196,0.05121100300579149,0.05164585880163559,0.05205721068846602
0.03920493961709234,0.18099999999999986,0.04890257157134738,0.051015330502021505,0.051253037721039126,0.05168593663930876,0.052091801385385585
0.03925404748095598,0.18199999999999986,0.04890660721051665,0.05106217971850766,0.05129517656909187,0.05172568555098553,0.05212689205962429
0.03930323833536816,0.18299999999999986,0.048910282525833224,0.05110927492143049,0.05133749248494962,0.051765230296110694,0.052162058374239366
0.03935249822624963,0.18399999999999986,0.048913657571319435,0.051156681899124735,0.051380135368747054,0.05180479484342562,0.052197276774367286
0.03940181526328024,0.18499999999999986,0.04891669308401716,0.05120440636542078,0.05142297869088656,0.0518445518855545,0.052232114073711984
0.03945116648455675,0.18599999999999986,0.04891956948157856,0.051252400743484194,0.05146599480116035,0.051884569783255986,0.05226647149639125
0.03950053020670213,0.18699999999999986,0.04892228369375385,0.051300563016331444,0.05150904095332368,0.05192484197078993,0.052299969884961786
0.03954988316099477,0.18799999999999986,0.0489247720672086,0.05134887498575098,0.05155218600052725,0.05196542757094247,0.05233233184141635
0.03959919152492088,0.18899999999999986,0.04892711539238206,0.051397307322697865,0.051595491248558695,0.05200642338799764,0.052364085747240725
0.03964842541677099,0.18999999999999986,0.04892931740442644,0.0514458064048758,0.05163901976827476,0.052047772230331926,0.052395168331277324
0.039697576310748384,0.19099999999999986,0.04893129963492614,0.05149432037275125,0.0516825825948136,0.05208944317341625,0.052425868388921
0.039746634060039684,0.19199999999999987,0.04893313537193202,0.05154283915119228,0.05172609297312607,0.05213143165195701,0.05245591233142987
0.039795559714755666,0.19299999999999987,0.048934826863796264,0.05159132317585083,0.051769573675215265,0.052173706391982745,0.0524857709024107
0.03984435209462972,0.19399999999999984,0.04893631445749137,0.051639724383541544,0.05181294572053269,0.052216150742137445,0.052515371347035204
0.03989300177960669,0.19499999999999984,0.04893767977265082,0.0516879380422549,0.051856139863222406,0.05225867200313586,0.05254497901513053
0.039941508498573426,0.19599999999999984,0.04893896553321113,0.05173598017441457,0.05189919341936516,0.05230130501747493,0.05257447059665848
0.03998986728238913,0.19699999999999984,0.04894020205554353,0.051783866049197914,0.0519422282212125,0.05234405080734367,0.052603747217176436
0.04003806704043269,0.19799999999999984,0.048941400666588655,0.05183162039251484,0.05198528657326414,0.05238698351678273,0.052633307439865565
0.04008610137306584,0.19899999999999984,0.0489426428660144,0.051879348098729856,0.05202831513103632,0.05243018260953829,0.05266312625163749
0.04013398286722921,0.19999999999999984,0.04894397565703006,0.0519271581434634,0.0520714086080856,0.05247351518098016,0.05269342910150837
0.040181728401331454,0.20099999999999985,0.048945402689511926,0.051975168802658726,0.05211446597200401,0.05251694854204589,0.052724162042581006
0.040229350791904005,0.20199999999999985,0.048946920932475,0.052023377062690467,0.05215756970968008,0.05256035036200009,0.052755638218043875
0.040276863615504976,0.20299999999999985,0.048948447251377904,0.052071667533962675,0.05220064959759507,0.052603616192358496,0.05278772720956514
0.04032428236310366,0.20399999999999985,0.04895000807219975,0.05212002358353713,0.05224366765651034,0.05264670695894736,0.052820714148047024
0.0403716208658178,0.20499999999999985,0.0489514887875822,0.0521685125421756,0.052286463959441476,0.05268943669740616,0.05285435263850694
0.040418891470576104,0.20599999999999985,0.0489527332421218,0.05221715974298164,0.05232870412273477,0.0527318184551047,0.052888773290638284
0.04046611578209589,0.20699999999999985,0.048953712080543665,0.05226594449317686,0.052370603662313144,0.05277399417084504,0.052924029666036154
0.04051331466129976,0.20799999999999985,0.04895431407308387,0.05231494035288635,0.05241231488885449,0.05281599064885305,0.05296018604386055
0.04056049222305482,0.20899999999999985,0.04895446211980942,0.05236425039714561,0.05245417357159258,0.05285774887421231,0.052997186209681614
0.04060767071687706,0.20999999999999985,0.04895421430605122,0.05241391561725416,0.05249602439337568,0.05289930267685608,0.053035135540498685
0.040654855089467895,0.21099999999999983,0.04895353269096998,0.05246385070759427,0.05253787213346738,0.052940820055113115,0.053074301588099795
0.04070205516812528,0.21199999999999983,0.04895247323915912,0.05251400829632837,0.0525798194513058,0.052982389720075816,0.05311443872091149
0.040749277654077876,0.21299999999999983,0.0489512467597037,0.052564439926658796,0.05262196143047113,0.05302395971974665,0.053155238188442325
0.04079651971216203,0.21399999999999983,0.0489498196743259,0.052615107370121324,0.052664540619079395,0.05306557982949378,0.05319654859843407
0.04084378615842272,0.21499999999999983,0.04894833241862519,0.05266585727172519,0.052707446529611866,0.0531073183197171,0.05323837934011964
0.04089106989946709,0.21599999999999983,0.04894693344044953,0.0527166521361271,0.05275048585000116,0.05314920838947602,0.05328075403655307
0.04093836808655724,0.21699999999999983,0.04894563329624251,0.052767476937846905,0.05279318254756128,0.05319108896699479,0.05332346702269636
0.04098569837792339,0.21799999999999983,0.048944615639064305,0.052818311951461874,0.05283537067828688,0.05323279450499558,0.0533660310852552
0.04103305610510623,0.21899999999999983,0.0489438580376638,0.052869036483312926,0.05287723158712916,0.053274614890609806,0.05340857732777795
0.04108044405085987,0.21999999999999983,0.048943252149982394,0.05291963448036754,0.05291881864071349,0.053316755053709114,0.05345122504389035
0.04112785683372239,0.22099999999999984,0.048942953601564164,0.052970108105256326,0.05295997286551574,0.05335912413383736,0.05349395249320741
0.041175291509111936,0.22199999999999984,0.04894288873211864,0.05302040104216773,0.05300051581155662,0.053401588568132284,0.05353686384361584
0.04122274788305981,0.22299999999999984,0.04894301552746348,0.05307054429262169,0.053040530419019766,0.05344409752777746,0.053580030413511344
0.0412702310585883,0.22399999999999984,0.04894322016528017,0.053120547390867856,0.053080210821651784,0.053486726706451715,0.05362345043833236
0.041317744559203444,0.22499999999999984,0.0489432745833771,0.05317048165059534,0.053119649781848494,0.053529499332592365,0.05366720832346039
0.04136530247603971,0.2259999999999998,0.04894314597672865,0.053220452554889115,0.05315903973247557,0.05357248176796661,0.05371133470138259
0.0414129337535978,0.2269999999999998,0.048942795840130816,0.05327047253012441,0.05319854471816996,0.053615790789040205,0.05375575509788206
0.041460654190968976,0.22799999999999981,0.04894214175307729,0.053320545933518315,0.05323833482428045,0.05365936343897484,0.05380025952510687
0.04150849380794333,0.22899999999999981,0.0489412178028334,0.05337070626914544,0.0532786076245318,0.05370314111499615,0.053844725717307265
0.041556458139571824,0.22999999999999982,0.04894000323058022,0.05342097161862121,0.05331928358049761,0.05374697168943492,0.05388892636523987
0.04160455330245655,0.23099999999999982,0.04893844979256049,0.053471356800401174,0.05336040631018077,0.05379078742085417,0.05393283853071419
0.04165277371892084,0.23199999999999982,0.048936728060152174,0.053521857127646004,0.053401818295771876,0.053834554917395645,0.05397647964123929
0.04170110786767206,0.23299999999999982,0.048934782113236826,0.053572464018248174,0.05344333041633308,0.053878242606305506,0.05401994461419987
0.041749567352781236,0.23399999999999982,0.048932711545860805,0.05362324824054461,0.05348463415621509,0.05392185462362226,0.05406325632236149
0.04179813155541013,0.23499999999999982,0.048930629327158304,0.05367418368277272,0.053525568310230774,0.05396543285652981,0.05410645608540276
0.04184679467221564,0.23599999999999982,0.048928515006922454,0.053725233882013376,0.05356641942814301,0.05400894679389736,0.054149622986699876
0.041895551350515946,0.23699999999999982,0.048926440869275126,0.053776385097053805,0.0536072281695309,0.05405238847924021,0.0541927894506662
0.04194440157302654,0.23799999999999982,0.04892451742171974,0.05382765779155055,0.053648014813581654,0.05409581032019158,0.05423611574634287
0.04199335896169161,0.23899999999999982,0.04892270784881534,0.053879003141480246,0.05368854535174104,0.05413930114714535,0.05427964094023578
0.04204240466376658,0.23999999999999982,0.04892110277941065,0.053930445084266275,0.05372862390308067,0.05418296567228477,0.05432366318963645
0.042091544955581255,0.24099999999999983,0.04891972834982331,0.05398197668722257,0.05376817825655232,0.054226797752407394,0.0543681736966691
0.04214078107617256,0.24199999999999983,0.04891846998557777,0.054033552820356254,0.05380709251162177,0.05427076421652789,0.054413223021860205
0.04219010705611556,0.2429999999999998,0.04891726851633291,0.05408517017831718,0.053845502433022066,0.0543149138831824,0.0544588249101258
0.042239542076404527,0.2439999999999998,0.04891603978993955,0.05413677760155483,0.053883464355086425,0.05435930806866084,0.05450504249817574
0.042289093756558795,0.2449999999999998,0.04891483742514559,0.05418836564199653,0.053921324488507574,0.05440388963905525,0.05455168292133217
0.04233875961184241,0.2459999999999998,0.04891365780412967,0.05423995609920212,0.05395920917547656,0.05444852118940306,0.05459830423707964
0.042388537937987796,0.2469999999999998,0.04891240344476066,0.054291595574860865,0.05399703517348072,0.05449323451439556,0.054644798100381815
0.04243841783431501,0.2479999999999998,0.04891119919563667,0.054343302969173043,0.05403478437437961,0.054538195807964436,0.05469131588803646
0.04248837190955387,0.2489999999999998,0.04891025268109443,0.05439511205378302,0.054072788917907066,0.05458347943765985,0.05473797715234901
0.042538349152433916,0.2499999999999998,0.04890984144090813,0.054447148167577314,0.05411131080332977,0.054629056339541245,0.054784606600283677
0.042588303170034564,0.2509999999999998,0.04891011342773,0.05449938077939778,0.0541499375797364,0.05467490139500129,0.05483099522217221
0.042638184102927884,0.2519999999999998,0.04891140528912716,0.054551785758629415,0.05418831138655027,0.05472113314692146,0.05487712697336743
0.042687942379055835,0.2529999999999998,0.04891413207989728,0.05460438375266253,0.054226385246693876,0.05476778290366603,0.054923113964920015
0.042737537323625945,0.2539999999999998,0.04891864601504273,0.05465713998173074,0.054264466860962805,0.054814794881158174,0.054969017964066336
0.04278692424135199,0.2549999999999998,0.048925012200809685,0.054710009513981146,0.05430233570974043,0.05486206919527165,0.055014894628090276
0.04283605448235202,0.2559999999999998,0.04893329206471741,0.05476290575400882,0.05434011473054403,0.05490959972707652,0.05506084763449488
0.04288488188342925,0.2569999999999998,0.0489434397209198,0.05481573181826845,0.05437813934551545,0.054957415706969,0.055106967011074565
0.042933381439510435,0.2579999999999998,0.04895524062650543,0.054868524191345996,0.054416640358312285,0.055005397311431455,0.05515322361926193
0.042981555722196745,0.2589999999999998,0.04896812177838659,0.054921189195302506,0.054455514318770305,0.05505329766580507,0.05519949831547361
0.04302939537011051,0.2599999999999998,0.048981645367968125,0.05497374406334391,0.05449449534173634,0.05510092150327139,0.05524560593020487
0.043076919633719665,0.2609999999999998,0.04899537456612278,0.055026145689644194,0.05453361901821928,0.05514818621911475,0.05529150109372186
0.04312416210757685,0.2619999999999998,0.049008803335949945,0.05507843516803305,0.05457276082567768,0.05519514192846995,0.055337292476233604
0.04317115916232975,0.2629999999999998,0.04902148164178479,0.05513059858603621,0.054611913904528395,0.05524171427993867,0.05538289842730445
0.0432179568188965,0.2639999999999998,0.04903320054100167,0.05518263317877529,0.05465112291438294,0.05528781501658059,0.05542824201704348
0.043264587130603965,0.2649999999999998,0.04904368396320436,0.05523455857892286,0.05469029400773035,0.05533339527561258,0.055473242883104325
0.04331108051859983,0.2659999999999998,0.049052683811998246,0.055286312050313244,0.05472941773002982,0.05537845501342157,0.0555179152425285
0.04335745983228462,0.2669999999999998,0.049060100381707154,0.05533794210839273,0.05476840692429585,0.05542309809523458,0.055562344427375364
0.04340377216038478,0.2679999999999998,0.04906598915446639,0.05538946650679199,0.054807401601881106,0.055467429880217446,0.055606593672961
0.04345003746064176,0.2689999999999998,0.0490703764849286,0.05544092658508176,0.05484628715933258,0.05551147278278275,0.05565069144805703
0.04349626308938084,0.2699999999999998,0.049073327354971705,0.05549236505450273,0.054884967857981665,0.05555526945000125,0.05569456561290674
0.043542443418317416,0.2709999999999998,0.0490748735233885,0.05554378979448773,0.054923570995034754,0.055598919001798155,0.055738193804168945
0.043588554540324426,0.2719999999999998,0.049075131646595826,0.05559527204406437,0.054962067683319626,0.0556424224923134,0.055781574443488254
0.043634611091053474,0.2729999999999998,0.0490741875979102,0.05564679524539526,0.05500079671027598,0.05568559422052058,0.05582475278930736
0.043680612080935495,0.2739999999999998,0.049072226394902135,0.0556983793125669,0.055039816765509036,0.05572840580865796,0.05586787484114574
0.043726551025281675,0.2749999999999998,0.04906941585224473,0.05575000135869187,0.055079323329686444,0.0557708953914806,0.05591092743630642
0.04377239731338603,0.2759999999999998,0.04906588210542749,0.0558017013304173,0.05511911966933506,0.05581309054633855,0.055953806513387154
0.04381812407109582,0.2769999999999998,0.04906179543166582,0.055853439605140366,0.055159036588905,0.0558549399898369,0.055996460671741376
0.04386372741932941,0.2779999999999998,0.04905720120166861,0.055905207631130355,0.05519906952852038,0.0558964500476967,0.056038834386241514
0.043909193675163063,0.2789999999999998,0.04905216439712809,0.05595701954626916,0.055239113055821215,0.05593763409092513,0.05608091957016154
0.043954519681562935,0.2799999999999998,0.04904683886636589,0.05600888291473859,0.05527930314731418,0.05597840507598313,0.05612264975555773
0.04399971414872285,0.2809999999999998,0.04904133296890206,0.056060722868967086,0.055319509046822216,0.05601881478415907,0.056164081607301325
0.04404480821370393,0.2819999999999998,0.04903560589774224,0.056112579081374306,0.05535978552802053,0.056058761867606104,0.05620515552327547
0.04408981278000164,0.28299999999999975,0.049029636343420786,0.0561644037546128,0.05540012482483352,0.05609811988234485,0.05624587281797476
0.04413471258012813,0.28399999999999975,0.04902347269062222,0.05621616841395077,0.055440493711636896,0.056136662470068564,0.056286469801494814
0.04417948934575391,0.28499999999999975,0.04901713659715584,0.05626790293031564,0.05548094814727779,0.056173839023617896,0.05632693905209805
0.04422412916857934,0.28599999999999975,0.04901062952357278,0.0563196208558764,0.05552146496776338,0.05620913118514528,0.056367374792824866
0.044268650676392476,0.28699999999999976,0.0490039067231584,0.056371340666609905,0.05556215237555185,0.05624277012270875,0.0564079161426845
0.04431307060633833,0.28799999999999976,0.04899689510879982,0.05642288909698744,0.05560305275739085,0.05627532249889052,0.056448670488112265
0.04435740179065858,0.28899999999999976,0.048989584413527645,0.05647407601786115,0.05564415119091093,0.05630703832223628,0.056489601656286324
0.04440165204115198,0.28999999999999976,0.04898199146021352,0.05652479494901719,0.055685457250455185,0.056337480734511475,0.056530544927400256
0.04444579837723734,0.29099999999999976,0.04897406537079105,0.05657500893631137,0.055726786078714854,0.05636678078839637,0.056571545015534686
0.04448985060544208,0.29199999999999976,0.048965858033081046,0.0566245751513079,0.055767999878346346,0.056395584840481704,0.05661262718819067
0.04453378997081017,0.29299999999999976,0.048957403248942655,0.05667343701757866,0.05580914212022204,0.05642389138767057,0.05665368953429397
0.04457760844423057,0.29399999999999976,0.048948656274472126,0.05672156933615985,0.05585047450518682,0.05645162332981399,0.05669457377182598
0.0446212989466935,0.29499999999999976,0.04893961491232935,0.05676896949283619,0.055892495938731794,0.05647914225054658,0.056735221460682064
0.04466486909029552,0.29599999999999976,0.04893037940523782,0.05681549819222628,0.05593535034376093,0.0565070710328711,0.056775710170063075
0.04470834497190815,0.29699999999999976,0.04892091893614474,0.056861110981137816,0.05597930412160947,0.05653592057796569,0.056816059213640614
0.04475169902320186,0.29799999999999977,0.04891123511344924,0.05690573229660684,0.05602455616987846,0.05656576760595458,0.05685615056469504
0.044794928300110386,0.29899999999999977,0.0489013410568685,0.05694926706692243,0.056071382337405454,0.05659697377079466,0.056895926110438554
0.0448379801716425,0.29999999999999977,0.04889128437229773,0.05699174839501656,0.056120150762893777,0.05662981787653751,0.05693539584287846
0.04488085510095334,0.30099999999999977,0.048881161103165906,0.05703332386553793,0.05617112768263653,0.05666416882797345,0.05697459350872126
0.04492354820965942,0.30199999999999977,0.04887094619214244,0.05707412664143142,0.05622386075490393,0.05670007050713984,0.05701350736061487
0.044966021583619356,0.30299999999999977,0.048860685170219326,0.057114234451529994,0.05627756943487159,0.05673715809137679,0.057052050463906
0.04500829313687968,0.30399999999999977,0.0488504162611303,0.05715372305775489,0.056331591832550716,0.056775349157725724,0.05709043848714345
0.045050364009872994,0.30499999999999977,0.04884015088824451,0.057192874051865183,0.05638553519850709,0.05681441155866512,0.05712888193727192
0.04509226071550188,0.30599999999999977,0.04882986805060716,0.05723207383044222,0.05643879133122926,0.05685406532187304,0.05716743679614789
0.04513400122797365,0.3069999999999998,0.04881952970691574,0.0572715456666869,0.056490595507925886,0.056894169865246653,0.05720612953876694
0.0451755773729335,0.3079999999999998,0.04880917869985413,0.05731155499883653,0.056541038166797404,0.05693433662706198,0.057245040374654624
0.04521703725309585,0.3089999999999998,0.04879880883477413,0.05735242467833299,0.056590367883935316,0.05697458208950913,0.057284371972016475
0.045258367703283314,0.3099999999999998,0.04878836315944504,0.05739424767478164,0.05663851383682922,0.05701461412606367,0.05732403922399343
0.04529961042011717,0.3109999999999998,0.04877781863801297,0.05743728626396734,0.056685573130352995,0.05705438208218571,0.05736381877247734
0.04534078381074473,0.3119999999999998,0.0487672795775069,0.057481485349206544,0.056731650359944534,0.05709379262313977,0.05740360823305663
0.04538188037662263,0.3129999999999998,0.04875664608721945,0.05752684119588754,0.0567768869611249,0.057132938281099305,0.057443375521212106
0.0454228874631145,0.3139999999999997,0.04874593347006835,0.057573445720519006,0.056821348588600655,0.057171999054568316,0.05748303133523634
0.045463764486616466,0.3149999999999997,0.048735011240387455,0.05762115746203237,0.0568652029864515,0.05721098173612801,0.05752235234766498
0.04550457313298565,0.3159999999999997,0.04872401806302797,0.057669898358448816,0.056908671402589074,0.05724997489483621,0.0575611206128801
0.045545326692179366,0.3169999999999997,0.04871283158004461,0.057719704336505015,0.05695175836569757,0.057288930149176825,0.05759930043279997
0.04558601773128952,0.3179999999999997,0.04870147364336868,0.0577703048425303,0.056994561881985435,0.05732801445814957,0.05763701309818864
0.045626617227458685,0.31899999999999973,0.04869011101317193,0.05782168019101367,0.05703735661401825,0.05736722227075565,0.057674339770262414
0.04566716704248838,0.31999999999999973,0.04867887142270295,0.057873771131233556,0.057080158975876746,0.05740657100997983,0.057711290578622385
0.04570769790663576,0.32099999999999973,0.04866797736919197,0.05792635230149157,0.05712278779263515,0.05744592227806215,0.05774781614980027
0.04574816244398738,0.32199999999999973,0.04865766641340905,0.057979407594855474,0.05716509632960805,0.057485441623316494,0.057784096666025964
0.04578857893528242,0.32299999999999973,0.04864819455925086,0.05803290573949642,0.057207036096757945,0.05752515139091951,0.05782040238241999
0.04582894332672852,0.32399999999999973,0.048639933665465485,0.05808666982822443,0.05724873296423146,0.05756494314750427,0.05785674762334569
0.04586924602462871,0.32499999999999973,0.048633202691799576,0.058140746974923045,0.05729026487839561,0.05760475745358546,0.057893105463963854
0.045909501248922756,0.32599999999999973,0.048628225253231926,0.05819499196837934,0.05733171007510462,0.05764460012778552,0.05792953871068501
0.04594967600214091,0.32699999999999974,0.04862530627283888,0.058249345055262546,0.05737323789913651,0.05768462616783584,0.05796621108574938
0.04598973821761192,0.32799999999999974,0.04862463802640795,0.0583038055062093,0.05741512382149603,0.05772475438899063,0.05800318151495488
0.04602970775877611,0.32899999999999974,0.04862616804458112,0.05835825762141502,0.057457483355117314,0.057764918175902555,0.05804031488397459
0.04606959585609266,0.32999999999999974,0.04862955641630479,0.058412683469899064,0.05750007394255932,0.057805213988627376,0.05807759216843822
0.04610942119964404,0.33099999999999974,0.0486342681438506,0.05846715256997598,0.057542538047517695,0.05784562763908296,0.05811506206460143
0.046149116892650284,0.33199999999999974,0.048640040252613655,0.05852155123835574,0.05758468100072624,0.05788626613860976,0.058152933166253855
0.04618867244253177,0.33299999999999974,0.048646257567267946,0.05857591226321281,0.057626580527350424,0.057926843051834036,0.058191119114504086
0.046228109056651596,0.33399999999999974,0.048652226844468294,0.05863030695760161,0.05766829928843087,0.057967257035403855,0.05822938849345257
0.04626738177850434,0.33499999999999974,0.048657507141632736,0.058684751534965426,0.05770979554905525,0.05800750659264013,0.058267865327095214
0.04630651624758392,0.33599999999999974,0.04866168302731119,0.0587393285040358,0.057751075630853334,0.05804753863150463,0.058306667222819165
0.046345467597140776,0.33699999999999974,0.04866443460832909,0.058794051883564236,0.05779233839423688,0.05808750217261321,0.058345787693057746
0.04638422117113971,0.33799999999999975,0.04866551321173332,0.0588489554970109,0.057833694546161905,0.05812726429264422,0.05838518317168494
0.046422878815917,0.33899999999999975,0.048664767644823796,0.05890406643578617,0.05787509793602858,0.05816708251827701,0.05842481413899959
0.046461458020580375,0.33999999999999975,0.048662210527304205,0.05895939645452183,0.057916352507912626,0.05820686314793259,0.05846480427748426
0.04649999436291147,0.34099999999999975,0.048657883842929205,0.059014890681097644,0.05795734766520315,0.05824679789543089,0.05850514400858093
0.04653848405186174,0.34199999999999975,0.04865179175878663,0.05907054963243699,0.057998178483807214,0.058286873973824524,0.058545785171813976
0.046577011055690544,0.34299999999999975,0.04864407548201652,0.05912637452295749,0.058038931983481826,0.05832707672628574,0.058586687003327816
0.04661558221201749,0.34399999999999975,0.048634970406394654,0.059182330879949695,0.05807962764036627,0.05836746402666026,0.05862779924534033
0.04665422948421536,0.34499999999999975,0.04862471261268704,0.05923838182142149,0.05812021222664125,0.058407654863215655,0.05866912284575887
0.04669295100673885,0.34599999999999975,0.04861340565593952,0.05929455689161825,0.058160766015297634,0.05844780232872903,0.0587107126078923
0.04673171527496943,0.3469999999999997,0.048601148875718224,0.05935080707408548,0.058201366990171165,0.05848781997236359,0.0587525603494653
0.04677054770370623,0.3479999999999997,0.04858821067910729,0.05940714699980532,0.058242030495396314,0.058527831014635635,0.05879469022519727
0.04680941708262604,0.3489999999999997,0.04857467513758286,0.05946361917614604,0.05828268170470676,0.058567789181902384,0.05883711786507304
0.046848356778461366,0.3499999999999997,0.04856077355385048,0.0595201589960497,0.058323246012916365,0.05860753667492996,0.05887964740353803
0.046887300411614805,0.3509999999999997,0.048546638948528946,0.05957686569612346,0.0583637425692992,0.05864719291909933,0.058922101986301344
0.04692622460439671,0.3519999999999997,0.04853229691765124,0.059633707896950376,0.058404213739945324,0.05868679747822159,0.058964477233123716
0.046965086679674715,0.3529999999999997,0.04851782415191389,0.05969077165651258,0.05844471529751757,0.05872639634497259,0.05900675477034264
0.047003875340609985,0.3539999999999997,0.04850332705220123,0.05974803838302632,0.0584853013516861,0.058765967402522955,0.05904881409005609
0.04704252284725452,0.3549999999999997,0.04848877917462951,0.05980553135768757,0.05852607044405194,0.058805537446909924,0.05909054889132711
0.0470810140210095,0.3559999999999997,0.04847420120973404,0.05986330902314104,0.05856713904009923,0.05884532909828314,0.05913203110579713
0.04711936713614334,0.3569999999999997,0.04845953381018424,0.05992127498850599,0.058608508616725924,0.058885274941029984,0.05917353935106747
0.04715761020673889,0.3579999999999997,0.04844470498150932,0.0599793770320723,0.0586500156960302,0.05892538368875606,0.05921515573332962
0.04719570758431251,0.3589999999999997,0.04842969718002752,0.06003748341457634,0.05869148301831361,0.0589657244424691,0.05925694527424595
0.04723364521728243,0.3599999999999997,0.04841446736102787,0.06009553172297331,0.058732873308184406,0.05900634799185047,0.059298983901030236
0.04727128752020091,0.3609999999999997,0.04839898207315759,0.06015346068811188,0.058774230429528417,0.05904749089424481,0.05934137626516258
0.04730867888929422,0.3619999999999997,0.048383194103546565,0.060211194114021545,0.05881552202371654,0.059088991068121995,0.05938420935319337
0.04734577221965052,0.3629999999999997,0.0483670121686742,0.06026854102795046,0.05885676235919741,0.0591307490415887,0.05942739492923594
0.047382567189722516,0.3639999999999997,0.04835053854244126,0.060325581505635016,0.058897984837889605,0.05917281176194982,0.05947085384995892
0.04741902635374608,0.3649999999999997,0.04833397180694082,0.06038228509595193,0.05893925216835433,0.059215322574923374,0.059514554061024065
0.04745515090627128,0.3659999999999997,0.0483175873737052,0.06043864530298767,0.05898063923504495,0.059258183488960676,0.05955848105496914
0.047490972929501274,0.3669999999999997,0.04830163721483445,0.06049464604700303,0.0590221652448788,0.059300955185566044,0.0596026452225445
0.04752653478577098,0.3679999999999997,0.04828643206501405,0.06055008098914924,0.059063909891165084,0.05934327199903304,0.05964696202540405
0.047561930349178876,0.3689999999999997,0.04827231177505854,0.06060487777086779,0.05910592787414268,0.05938521406618559,0.05969151129841237
0.04759715774274486,0.3699999999999997,0.04825970162392141,0.06065903270588013,0.05914819079862552,0.05942696338404848,0.059736413121314336
0.047632154003611996,0.3709999999999997,0.04824907429858969,0.060712167925871266,0.059190667183608096,0.05946815301403018,0.05978167503148539
0.04766698921437763,0.3719999999999997,0.04824081693671844,0.060764149746412095,0.05923332462433585,0.05950854053464824,0.05982737251373104
0.04770179826537895,0.3729999999999997,0.04823519423466272,0.0608147708141805,0.05927613786106596,0.0595482760973341,0.05987353179497066
0.047736691350245955,0.3739999999999997,0.04823258743560886,0.060863995862055306,0.05931899388826824,0.05958751400012824,0.059920140386007285
0.04777158119890896,0.3749999999999997,0.04823298652355572,0.0609119797720216,0.059361806801046746,0.05962676690684753,0.05996717179323077
0.04780650703523089,0.3759999999999997,0.04823620389899551,0.06095866925768271,0.059404566274424156,0.059665934304908776,0.06001446581421817
0.04784142478776158,0.3769999999999997,0.04824163270345272,0.06100414316450418,0.059447307666488376,0.059705347087058304,0.06006198680797123
0.047876482094255726,0.37799999999999967,0.04824870007075711,0.06104885346320122,0.05949008291919339,0.05974524664462579,0.060109678458215375
0.0479115944487156,0.37899999999999967,0.04825672629512541,0.06109300345270944,0.05953295066534361,0.05978563706422241,0.06015740493750537
0.047946677101213094,0.37999999999999967,0.0482649835873261,0.061136933719022124,0.059575951654916616,0.05982654174496169,0.060205193457597596
0.04798176983894264,0.3809999999999997,0.04827255071667516,0.061181045945018886,0.05961906783882588,0.05986767012269721,0.060252990388646566
0.048016828948792,0.3819999999999997,0.048278876021420905,0.06122562463215765,0.05966231092312533,0.05990897419078763,0.060300681608305144
0.04805185915155196,0.3829999999999997,0.04828364602273788,0.06127105372774723,0.05970571538226011,0.05995030539919772,0.06034831156740962
0.04808689097372703,0.3839999999999997,0.04828652829369007,0.061317557888627444,0.05974935276987532,0.059991697901703334,0.06039592013210252
0.048121864609470884,0.3849999999999997,0.048287275048870974,0.06136517275508641,0.059793268450013225,0.06003311253510713,0.06044353402332091
0.04815680967907427,0.3859999999999997,0.048285923455476915,0.06141403261174254,0.059837405188555015,0.06007473576520589,0.06049108619660923
0.04819174291241314,0.3869999999999997,0.04828283088997472,0.06146423641990335,0.0598817584871561,0.06011668154571545,0.06053851415453745
0.048226718815987876,0.3879999999999997,0.04827808787071337,0.06151569093765889,0.05992635032877847,0.060158795837298586,0.06058591937674587
0.04826167879202608,0.3889999999999997,0.04827179695771782,0.061568359877359466,0.0599710961703641,0.06020112239930083,0.06063338708325816
0.04829659454437955,0.3899999999999997,0.04826427425688322,0.061622134419973114,0.06001587462045494,0.06024374012961135,0.06068090923864309
0.04833145873577965,0.3909999999999997,0.04825580235209739,0.061676903808428316,0.060060593988496995,0.06028659603084819,0.06072845403240086
0.048366243823076985,0.3919999999999997,0.04824656132208313,0.06173256856146688,0.06010529865209165,0.06032951878442485,0.06077598839422357
0.04840098170160594,0.3929999999999997,0.048236632328067915,0.06178894051615809,0.060150059720286954,0.06037238041357115,0.06082363405227511
0.048435628914579414,0.3939999999999997,0.048226119083010444,0.06184574534287776,0.06019497396669924,0.06041541876956586,0.060871429931713954
0.048470252710665705,0.3949999999999997,0.048215273011030346,0.06190282812972058,0.060240073176908666,0.06045877825433638,0.06091928932590865
0.04850486843244699,0.3959999999999997,0.048204395614438504,0.061960083690098804,0.06028535226272353,0.06050208866992353,0.06096715901113573
0.0485396383659181,0.3969999999999997,0.04819366747426914,0.06201740222707342,0.06033078643197649,0.06054499916030149,0.06101501834963714
0.04857453510076108,0.3979999999999997,0.048183375898321563,0.06207470778250531,0.06037632357394462,0.06058786051165179,0.06106296902897346
0.04860946457891098,0.3989999999999997,0.0481740015458645,0.06213193077070838,0.06042187504495149,0.06063080357218243,0.06111097366992059
0.04864460538895591,0.3999999999999997,0.048165967845317154,0.06218907958908551,0.0604672679593748,0.06067381932308656,0.061158930072211216
0.04867992626257477,0.4009999999999997,0.04815953949138005,0.062246182913364825,0.060512431441676555,0.06071692928992002,0.06120684977323953
0.048715254842329636,0.4019999999999997,0.04815497981700571,0.06230334020266556,0.06055741022308625,0.0607601955721743,0.06125477354786721
0.04875066258382454,0.4029999999999997,0.048152588294947715,0.06236052112890006,0.06060226440586453,0.06080395499126436,0.06130267957063578
0.04878608944332359,0.4039999999999997,0.04815239588878317,0.06241792037409873,0.06064694370261733,0.060848066799443885,0.06135052641162028
0.048821402363743244,0.4049999999999997,0.04815409361374475,0.062475571162865916,0.060691373722084344,0.060892392758853525,0.06139823806217525
0.048856596616978165,0.4059999999999997,0.04815712378746272,0.0625335397549158,0.060735437625704554,0.060936692042652764,0.061445846040756966
0.04889162131985827,0.4069999999999997,0.04816084995367435,0.06259222781012842,0.0607790522832283,0.06098095037833834,0.0614934428585455
0.048926467191567145,0.4079999999999997,0.04816469744178187,0.06265166915092982,0.06082221726787363,0.061025274745443635,0.06154098772347344
0.048961027843276696,0.4089999999999997,0.048168028815133046,0.06271144576801657,0.060864965747845584,0.0610698946750662,0.061588421496261446
0.048995260983183235,0.4099999999999997,0.04817010955182477,0.06277097499980328,0.060907328744717236,0.06111512735541861,0.061635732927764864
0.04902923993384364,0.41099999999999964,0.04817054506817713,0.06282982912694646,0.060949367817246566,0.06116088264538433,0.061682946460522234
0.049062833810428794,0.41199999999999964,0.04816918166402294,0.06288796861521605,0.06099117572445997,0.061207430932913025,0.06173015723690323
0.049096159571932904,0.41299999999999965,0.04816595754709824,0.0629451848293535,0.06103279355740806,0.06125486979748958,0.06177728653158557
0.049129187156162754,0.41399999999999965,0.048160782439815274,0.06300093973119122,0.06107432778915992,0.06130340336663559,0.0618241579152609
0.04916202881671301,0.41499999999999965,0.048153763850890416,0.06305514133655468,0.06111589042718312,0.06135300366298852,0.061870736164595715
0.049194799046829045,0.41599999999999965,0.04814533917866044,0.06310788130772957,0.06115768210689102,0.06140334748192742,0.06191712275643111
0.04922772346055717,0.41699999999999965,0.04813601657937862,0.06315905314698103,0.06119983420526427,0.061454186133702716,0.06196343984617331
0.04926102459129013,0.41799999999999965,0.04812623495570906,0.0632086733293555,0.06124244347614872,0.06150538583601473,0.062009650676064995
0.049294757016124104,0.41899999999999965,0.048116454086344254,0.06325658132480562,0.06128557735004795,0.06155646386754589,0.06205564394281427
0.049329030993308175,0.41999999999999965,0.0481071516289711,0.06330261638346685,0.06132927960951912,0.06160676392228322,0.06210139164418581
0.04936374226872526,0.42099999999999965,0.04809882569497067,0.06334686697875572,0.06137359808808788,0.0616557080170491,0.062146980302782956
0.049398938519544806,0.42199999999999965,0.04809189170950572,0.06338939114738215,0.06141856099482622,0.061703101975952454,0.062192442403326595
0.04943472786992195,0.42299999999999965,0.048086549515872545,0.063430460419495,0.0614642173689842,0.06174930402792025,0.06223766238121405
0.0494709629019735,0.42399999999999965,0.048082990593759846,0.06347033635997448,0.06151047073304351,0.06179413803147087,0.06228248869650686
0.04950756148571328,0.42499999999999966,0.04808128199050562,0.0635090894176312,0.06155702754592819,0.06183724894190533,0.06232689668922282
0.04954436766041858,0.42599999999999966,0.04808132887817204,0.06354698299907535,0.061603507183456425,0.061878407388918734,0.062370997471536654
0.04958148305278013,0.42699999999999966,0.048083062797916895,0.06358441869935459,0.061649707325066874,0.06191813852277787,0.06241506078976155
0.04961862130577034,0.42799999999999966,0.04808613664010909,0.06362163659839926,0.06169558820340458,0.06195711567288243,0.06245908024233927
0.04965565561776567,0.42899999999999966,0.04809007126687768,0.06365904028788351,0.06174113274996131,0.0619959431357419,0.06250290723050547
0.049692244712547275,0.42999999999999966,0.048094477484816704,0.0636969867674173,0.061786314260628944,0.06203506613162167,0.0625464532386343
0.04972822601624782,0.43099999999999966,0.04809896797865373,0.06373583672666416,0.061831073091524934,0.06207495647919346,0.0625898451737759
0.049763359104452454,0.43199999999999966,0.04810324618351549,0.06377575891423787,0.061875449607610135,0.06211620486345972,0.06263318993853507
0.0497977126886315,0.43299999999999966,0.04810693812582607,0.06381678019652545,0.06191956991541915,0.06215902925697133,0.0626763474885151
0.04983095522462738,0.43399999999999966,0.04810988660696297,0.06385885224295058,0.06196353749948174,0.062202796640407586,0.06271887569843139
0.04986338597979396,0.43499999999999966,0.04811214293878097,0.06390203726654389,0.06200730908066238,0.062246489975251694,0.06276057874627065
0.04989495154781739,0.43599999999999967,0.048113794356146815,0.06394624299374861,0.062050905110844864,0.06228993780152793,0.0628016165364808
0.049925915370486025,0.43699999999999967,0.04811492692928171,0.06399126816334055,0.06209441047277273,0.06233258994946405,0.06284150365263545
0.04995619332383872,0.43799999999999967,0.048115789796338314,0.0640368949531106,0.06213798410820123,0.062374137125759746,0.0628797594738572
0.049986293368702125,0.43899999999999967,0.048116653942234994,0.06408306587065955,0.06218169090190253,0.06241466262140123,0.06291620260823742
0.05001605701981747,0.43999999999999967,0.04811778060573815,0.06412958558265355,0.06222545321605008,0.06245369887315213,0.06294985864617088
0.05004600017624873,0.44099999999999967,0.04811938190489843,0.06417635776734143,0.06226905554496518,0.06249176315966107,0.06298044300606535
0.050075958390162274,0.4419999999999996,0.04812167883869009,0.06422319461244982,0.06231212004540245,0.06252931813113145,0.06300819102293431
0.050106246000708725,0.4429999999999996,0.04812484812955148,0.06426998647376818,0.06235422685648114,0.06256617227089656,0.0630321712972972
0.05013661181282853,0.4439999999999996,0.0481291219183027,0.06431675881739637,0.062395220744305285,0.06260271673247571,0.06305211796314554
0.050167418319964414,0.4449999999999996,0.04813460714039984,0.06436336895434522,0.062435206160546146,0.06263912072895209,0.0630677496950452
0.05019818938943187,0.4459999999999996,0.04814131539618438,0.06440963770409804,0.06247437592161892,0.06267565658941546,0.06307989895181362
0.050229308113119826,0.4469999999999996,0.04814926409259843,0.06445556326452723,0.06251288912260869,0.06271294000689048,0.06309072928122973
0.050260332285388815,0.4479999999999996,0.04815843473605008,0.06450105208434398,0.06255085722023669,0.06275072291093846,0.0631006104003848
0.0502915669586254,0.4489999999999996,0.04816881077873511,0.06454606303929172,0.06258851505408124,0.06278854002163743,0.06310947240565432
0.05032262952838957,0.4499999999999996,0.04818031940418494,0.0645903063102377,0.06262612213548494,0.06282695441549441,0.06311944075331666
0.05035380245536471,0.4509999999999996,0.048192922332607975,0.06463358788106081,0.0626637462921361,0.06286619160559644,0.0631323842237672
0.0503846992871434,0.4519999999999996,0.04820650210900774,0.06467593874437408,0.0627013773492484,0.06290601770515748,0.06314899116574672
0.05041563366633235,0.4529999999999996,0.0482210065881296,0.06471737237816191,0.06273901774030576,0.06294602824559248,0.06316889918343091
0.05044615022794698,0.4539999999999996,0.04823640728014572,0.06475791156789105,0.0627767697513171,0.06298576031106297,0.06319107278311967
0.050476570994983316,0.4549999999999996,0.048252651988493545,0.06479762608915864,0.06281471404390043,0.06302552196232548,0.0632161990543948
0.05050657993689095,0.45599999999999963,0.0482697207548549,0.06483674820405139,0.06285291875437121,0.06306557581849287,0.06324481555718264
0.05053643827346436,0.45699999999999963,0.048287608248897274,0.06487561923273409,0.06289139929844599,0.06310585915605907,0.06327653287891472
0.050565831400949286,0.45799999999999963,0.0483064297976241,0.06491461529994984,0.06293020443129377,0.06314607126295663,0.06330993624288941
0.05059491823394554,0.45899999999999963,0.04832625085667424,0.06495405587273846,0.06296929047783359,0.06318598360925141,0.06334391843647649
0.05062323145705253,0.45999999999999963,0.048347183960337506,0.0649945351423615,0.06300864823439467,0.06322550351333592,0.06337798502811981
0.050651044897484364,0.46099999999999963,0.04836932208534145,0.06503649858150592,0.06304832499144754,0.06326500210211014,0.06341292952273117
0.050677999055733815,0.46199999999999963,0.04839274189364874,0.0650802765131765,0.06308838180371269,0.06330447372392922,0.06344849813851516
0.05070437382910248,0.46299999999999963,0.04841749324898694,0.06512623637772627,0.06312890361897576,0.06334365575499408,0.06348384789777807
0.05073011768508827,0.46399999999999963,0.04844360083806026,0.06517444500532221,0.0631700004879771,0.063382435256208,0.06351863815439321
0.05075549552154294,0.46499999999999964,0.0484709771077129,0.06522517611437616,0.06321180606438793,0.06342079554902046,0.06355284063920184
0.05078051872504179,0.46599999999999964,0.048499589592818866,0.06527833862379069,0.06325443587887059,0.06345909200739583,0.06358724111392278
0.05080532214715532,0.46699999999999964,0.048529383063165364,0.06533342783140988,0.06329797444592528,0.06349755057562895,0.06362224623550491
0.0508298722405695,0.46799999999999964,0.04856027208014538,0.06539010885239535,0.06334247136619978,0.06353587366419411,0.06365716740763575
0.05085402952115453,0.46899999999999964,0.04859210978780262,0.06544788896493188,0.06338799129507333,0.063573983423214,0.0636920822932263
0.05087781490069644,0.46999999999999964,0.04862480011147209,0.06550609865035535,0.06343449302178496,0.06361169126610355,0.06372645982219455
0.05090113160523568,0.47099999999999964,0.048658284888519844,0.06556423562893433,0.06348189635693398,0.06364907551910866,0.06376035896124527
0.05092404840688703,0.47199999999999964,0.048692499424415114,0.06562149990435305,0.06353012599798272,0.06368647820845656,0.0637944898024672
0.05094660918294128,0.47299999999999964,0.048727385064754276,0.06567727647870246,0.06357910075159136,0.06372407525597773,0.06382923812853467
0.05096886602198956,0.47399999999999964,0.04876290855949034,0.06573117901915272,0.06362864027067688,0.0637617827762485,0.06386434819610458
0.05099073962181401,0.4749999999999996,0.04879909843151877,0.06578279871384664,0.06367851104717982,0.06379973155149776,0.0638999924875564
0.05101239334155248,0.4759999999999996,0.04883598411715246,0.06583201773842057,0.06372856163878414,0.06383820699401967,0.06393684302394036
0.05103357450152746,0.4769999999999996,0.04887358007283642,0.06587876358212474,0.06377867417461527,0.06387721513233387,0.06397496569210244
0.05105439516529246,0.4779999999999996,0.04891187503913345,0.06592300814672612,0.06382874568153013,0.06391691389858883,0.06401484134938487
0.05107462858656425,0.4789999999999996,0.04895090086016455,0.06596493909740439,0.06387863896692487,0.06395699742687759,0.06405578970317954
0.05109451093658663,0.4799999999999996,0.04899069490047822,0.0660048217457708,0.06392838621761263,0.06399732481946042,0.06409752341936574
0.05111372633662864,0.4809999999999996,0.0490312157857225,0.06604289686651248,0.06397810326817938,0.06403789713043567,0.06414004465832708
0.051132733518065014,0.4819999999999996,0.04907240251362266,0.0660795160341136,0.06402787833106399,0.06407852822699192,0.06418268967272943
0.05115109239963766,0.4829999999999996,0.049114215711317265,0.06611492438835746,0.06407767072128187,0.06411914338785525,0.06422497380311526
0.05116939851795083,0.4839999999999996,0.04915658189912077,0.06614939125111181,0.06412748166715834,0.06415960169908087,0.06426648508642752
0.05118709045367746,0.4849999999999996,0.049199445778640806,0.06618324997754964,0.06417731738063523,0.06419986375602288,0.06430714563728365
0.05120469317298407,0.4859999999999996,0.04924275425744128,0.0662165308615538,0.06422723888141972,0.06424002777611179,0.06434714482879945
0.0512217473059755,0.4869999999999996,0.0492864281334985,0.06624931007468773,0.06427721818049177,0.06428018964948412,0.06438667523025911
0.05123862323296983,0.4879999999999996,0.049330437004176345,0.0662816421659577,0.06432717710631253,0.06432044762552874,0.06442586845819134
0.05125503224345932,0.4889999999999996,0.04937473727938315,0.06631340211700568,0.06437714319166646,0.06436069114430747,0.06446451231562604
0.05127127018370309,0.4899999999999996,0.04941927964748446,0.06634461812352307,0.06442722535289516,0.06440093389661038,0.06450274824575465
0.05128703773125587,0.4909999999999996,0.049463988881773786,0.06637526733205565,0.06447744415664712,0.0644412496601559,0.06454075480423001
0.05130258284713408,0.4919999999999996,0.04950882332846266,0.0664051540463513,0.06452773035755238,0.06448161533130661,0.06457859048645635
0.05131774914239652,0.4929999999999996,0.04955377656331667,0.06643420781882588,0.06457800919178466,0.06452204779868469,0.06461652077827792
0.05133266733093039,0.4939999999999996,0.049598817730066316,0.06646237572109329,0.06462815705733356,0.06456242877506187,0.06465440699361931
0.05134717028278401,0.4949999999999996,0.04964394477570501,0.06648955291919331,0.06467820107682719,0.06460266610235775,0.06469241028285455
0.05136146263438143,0.4959999999999996,0.049689123172702666,0.06651576658185607,0.06472822312293415,0.06464275906086228,0.06473072523014338
0.05137523683432571,0.4969999999999996,0.04973431172551301,0.06654084299322029,0.06477828097562142,0.06468270596242845,0.06476919923401696
0.05138873110105475,0.4979999999999996,0.04977951801637451,0.06656471149577882,0.06482846105672149,0.06472257361443315,0.06480792585885833
0.051401752162897316,0.4989999999999996,0.049824727509610985,0.06658737424151585,0.0648788745313902,0.06476231196321997,0.06484666554677453
0.051414344333482485,0.4999999999999996,0.049869929019999426,0.06660894953540043,0.06492969144029964,0.06480199697858345,0.06488570376035051
0.05142642200201434,0.5009999999999996,0.04991511338117492,0.06662944263628318,0.06498099553681089,0.06484168532773282,0.06492493997590694
0.05143811939495026,0.5019999999999996,0.0499602977862609,0.06664893132483388,0.06503276778573472,0.06488146886043618,0.06496424206742646
0.051449265982550244,0.5029999999999996,0.05000547454358082,0.06666754289098628,0.06508482407096346,0.06492152261515412,0.06500369268188848
0.05146001304822244,0.5039999999999996,0.050050639252859526,0.06668534497237505,0.06513699722515584,0.0649619464281733,0.06504310845661782
0.051470384584735074,0.5049999999999996,0.0500958020032694,0.0667023901527063,0.06518923607611143,0.06500292998190742,0.06508284963163931
0.05148040360092741,0.5059999999999996,0.050140951544026834,0.06671876448481337,0.06524160619961919,0.06504436519543479,0.06512257347774537
0.05149025990766542,0.5069999999999996,0.050186088746023205,0.06673440977461176,0.06529414555264362,0.06508637978982075,0.06516248038521853
0.05149995261586091,0.5079999999999996,0.05023122072352243,0.06674943074995428,0.06534679385939646,0.06512901620324776,0.06520255801931267
0.05150950233187129,0.5089999999999996,0.0502763491062064,0.06676381401814754,0.06539950326352473,0.06517225994912297,0.0652428379834635
0.0515191214721842,0.5099999999999996,0.050321473663411616,0.06677741879435754,0.06545234894123696,0.06521617980340443,0.06528337203883795
0.051528740034646435,0.5109999999999996,0.050366587579816595,0.06679023334684624,0.06550544760011397,0.06526079028897512,0.06532389641109987
0.05153851626092435,0.5119999999999996,0.05041169380845309,0.06680211508863816,0.06555880227123281,0.06530625659713091,0.06536446026806332
0.051548518926897276,0.5129999999999996,0.050456799987351544,0.06681299367730859,0.06561240602419258,0.06535278726310782,0.06540503023473294
0.05155873059275379,0.5139999999999996,0.050501894564054746,0.0668230387557183,0.0656661956841021,0.06540057433617752,0.06544568717703397
0.051569188165854304,0.5149999999999996,0.05054697554405174,0.06683201852769714,0.06572014760381688,0.06544949540545782,0.06548613076551389
0.05157985977550423,0.5159999999999996,0.05059205765321326,0.0668399072584038,0.0657741448978979,0.06549954060571922,0.06552628870705061
0.05159066870314351,0.5169999999999996,0.05063715037083308,0.06684682395465585,0.06582793170107848,0.06555062339651921,0.0655660896474402
0.05160166940719666,0.5179999999999996,0.0506822619869295,0.06685264690699826,0.06588129085735012,0.0656025073742861,0.06560554444500281
0.051612792246356745,0.5189999999999996,0.05072740556485532,0.06685748943228922,0.06593419083541169,0.06565503532162,0.0656447729376687
0.051624147881254884,0.5199999999999996,0.05077255708756415,0.0668615232772622,0.06598672585730278,0.06570788025103005,0.06568360518047371
0.051635586627237724,0.5209999999999996,0.05081773308750376,0.06686465070376298,0.06603901666398994,0.06576070732859551,0.06572219139316693
0.051647267368380975,0.5219999999999996,0.05086293745953665,0.06686711381027301,0.06609112663194588,0.06581324553543479,0.065760748801952
0.05165903140266375,0.5229999999999996,0.05090815611932548,0.0668689933931927,0.06614296583101556,0.06586519311060766,0.06579959919821277
0.05167100012648552,0.5239999999999996,0.050953392580415334,0.06687025350389496,0.06619450222534874,0.06591625660627787,0.065838672785469
0.05168292606081196,0.5249999999999996,0.05099862812978394,0.06687107572415858,0.06624580669413904,0.06596641078057651,0.06587820943578333
0.05169493298319858,0.5259999999999996,0.051043842096872225,0.0668713981171472,0.06629696222451102,0.06601553753002042,0.06591834551815642
0.051706699037100914,0.5269999999999996,0.05108903925158711,0.06687110253832078,0.06634800303739895,0.06606347760774745,0.06595910049150695
0.05171839854814349,0.5279999999999996,0.051134225614881984,0.06687015216984504,0.06639903535144558,0.0661101848749969,0.06600057278811954
0.051729812295621166,0.5289999999999996,0.051179374438317354,0.06686845456058207,0.06645015399898764,0.06615570679502741,0.06604253059285935
0.05174110602334227,0.5299999999999996,0.05122447091811976,0.06686595074233628,0.06650143439437475,0.06620014584036636,0.0660849465853099
0.05175188712489202,0.5309999999999996,0.051269500641641694,0.06686274995273736,0.06655295988079278,0.06624371321787581,0.06612784100985393
0.051762592535787785,0.5319999999999996,0.0513144841593829,0.06685877827267629,0.06660479242519501,0.06628651188827879,0.06617113069249521
0.05177259738348259,0.5329999999999996,0.05135941846675065,0.06685414448908479,0.0666570280370389,0.06632864852449012,0.06621479384938264
0.05178243073852767,0.5339999999999996,0.051404269664538295,0.06684877563024363,0.06670969019464945,0.06637034601751114,0.06625855417149451
0.05179152687682451,0.5349999999999996,0.05144904686178182,0.06684265703263562,0.0667627959644242,0.06641178565076351,0.06630241833528296
0.05180032186105311,0.5359999999999996,0.051493736855325684,0.06683584855740238,0.06681635560702855,0.0664530460086639,0.06634603322995279
0.051808263094739626,0.5369999999999996,0.051538358681565206,0.06682844888189837,0.06687048028835633,0.06649419527986977,0.06638951111387686
0.05181600898167225,0.5379999999999996,0.05158289984582577,0.06682035143536015,0.06692511270895037,0.066535243461424,0.06643273831955514
0.05182292544912299,0.5389999999999996,0.051627344380891484,0.06681162606346548,0.06698021791515218,0.0665762148463273,0.06647562044385188
0.05182962959270801,0.5399999999999996,0.051671711394591195,0.06680237668256002,0.06703574731742958,0.06661709862787729,0.06651830535018059
0.05183577490375556,0.5409999999999996,0.05171599497385305,0.06679265849329499,0.0670915177974132,0.06665784103206784,0.06656044566308064
0.05184171994773995,0.5419999999999996,0.0517602011908329,0.06678258319824462,0.06714723487600943,0.06669848522438658,0.06660229803850132
0.05184710991250705,0.5429999999999996,0.05180435377476704,0.06677219998632716,0.06720265318231197,0.06673908106729459,0.06664387742661944
0.051852500295818296,0.5439999999999996,0.051848435778145914,0.06676159061238891,0.06725775018558354,0.06677969366902757,0.06668539507109898
0.05185743718855375,0.5449999999999996,0.0518924564571558,0.06675079229275972,0.06731259142283458,0.0668203634921028,0.06672684178029428
0.05186232498975734,0.5459999999999996,0.05193643273476563,0.06673988091438382,0.06736729405385532,0.06686106782619428,0.06676818445976465
0.05186687907503254,0.5469999999999996,0.05198036926540884,0.06672886936702675,0.06742188255873068,0.06690175120181077,0.06680945937975827
0.05187143728193325,0.5479999999999996,0.05202425995461631,0.06671782914150341,0.06747633717796117,0.06694244980542484,0.06685073397117015
0.05187558967071404,0.5489999999999996,0.0520681086231223,0.06670673880519368,0.06753079288080541,0.06698325813939565,0.0668923114093676
0.0518798223705765,0.5499999999999996,0.05211190639174333,0.06669556188542655,0.06758547815640775,0.06702417614452667,0.0669343198396686
0.05188377238290493,0.5509999999999996,0.05215564857214613,0.06668442457055544,0.0676406966234514,0.06706514181227367,0.06697679745213861
0.05188777744149134,0.5519999999999996,0.0521993439215558,0.06667329478080145,0.06769671801614571,0.06710605334729848,0.06701972429786549
0.05189157136870693,0.5529999999999996,0.052242955680151505,0.06666213354023229,0.06775385382290965,0.06714686627781512,0.06706305185470114
0.05189554877473669,0.5539999999999996,0.05228650651001557,0.06665101816230837,0.06781249257133987,0.06718765229537471,0.06710701724129961
0.051899413853322834,0.5549999999999995,0.05232999093947761,0.06663993107853372,0.06787321402438437,0.06722847455239338,0.06715170464815481
0.05190353627995927,0.5559999999999995,0.05237341012506572,0.06662884920426965,0.06793669972896789,0.0672692266568664,0.06719700671812771
0.051907794149657654,0.5569999999999995,0.05241676649515812,0.06661770544669074,0.06800335548767548,0.06730984225019981,0.0672427559368737
0.05191223912736247,0.5579999999999995,0.052460053530728724,0.06660642124336459,0.06807294800579276,0.06735034654951211,0.0672888096851808
0.051916946585061886,0.5589999999999995,0.05250330322520202,0.06659507524811854,0.06814423790422144,0.06739077080919041,0.06733521651263151
0.051921836969751195,0.5599999999999995,0.05254652768243959,0.06658363951922591,0.06821541624111535,0.06743115927343954,0.06738192354047579
0.05192695100796992,0.5609999999999995,0.052589709093809375,0.06657211463052716,0.06828537491986644,0.06747154758009072,0.0674289107858815
0.05193212209723207,0.5619999999999995,0.05263289360416359,0.06656042796262009,0.06835364575358972,0.0675118903239908,0.06747611224010742
0.05193748771803132,0.5629999999999995,0.0526760942928904,0.06654852612229654,0.068419869882496,0.06755218761828548,0.06752337917336358
0.0519426287235303,0.5639999999999995,0.052719285727379474,0.06653644384165154,0.06848355643993721,0.06759252900052791,0.06757088805448422
0.0519477089251931,0.5649999999999995,0.052762494020212665,0.06652420289060315,0.06854420145074977,0.0676329906715353,0.06761866305178431
0.05195268888183883,0.5659999999999995,0.052805713563460734,0.06651177619700785,0.06860162501419696,0.06767357917035637,0.06766681982598881
0.051957453340357534,0.5669999999999995,0.052848952487377726,0.0664993157806871,0.06865631437906294,0.06771431345002228,0.06771528107776083
0.05196223745509559,0.5679999999999995,0.05289218741143534,0.06648666191884778,0.06870869432555089,0.06775508193490799,0.06776384074779758
0.051966973546576006,0.5689999999999995,0.05293542739327495,0.06647395147455645,0.06875877660267891,0.06779582091524344,0.06781248539680523
0.051971618754639626,0.5699999999999995,0.052978650307076124,0.06646137781322448,0.06880649279118106,0.06783670481678442,0.06786134996162654
0.051976258484221514,0.5709999999999995,0.053021837943746444,0.06644907944254694,0.0688520522672745,0.06787787495377856,0.06791061589120027
0.05198088928037334,0.5719999999999995,0.05306498649184446,0.06643735199563376,0.06889589387677801,0.06791928694423978,0.0679601067164263
0.05198541933646166,0.5729999999999995,0.053108068935338947,0.06642618939920829,0.06893881086934849,0.06796092851826406,0.06800973568585926
0.05198978513611902,0.5739999999999995,0.05315108788632273,0.06641550649332417,0.06898178445418897,0.06800281637372345,0.06805940984143484
0.05199402673520038,0.5749999999999995,0.053194047277257565,0.0664056290462514,0.06902550630755559,0.06804497751155579,0.06810898743559118
0.0519979090994278,0.5759999999999995,0.05323699923138099,0.06639654189570131,0.06907024681047856,0.06808747411561178,0.06815841994565897
0.052001625664185785,0.5769999999999995,0.0532799639472992,0.06638792408501501,0.06911599912839513,0.06813028040666674,0.06820758554082142
0.05200500421442405,0.5779999999999995,0.05332293475319237,0.06637955050191084,0.06916262089409325,0.06817335658250782,0.0682564221970121
0.05200830174553252,0.5789999999999995,0.05336588832970805,0.06637085397932314,0.06921005327199635,0.06821664409035604,0.06830481378233315
0.05201142843277709,0.5799999999999995,0.05340878621672755,0.06636177306209227,0.06925840578542407,0.06826019238866099,0.06835272940533743
0.05201460259050681,0.5809999999999995,0.053451608240942555,0.0663521857282188,0.0693077371015608,0.06830395180358588,0.06840015753620064
0.05201787906347198,0.5819999999999995,0.053494336785446336,0.06634160754258127,0.06935793492710851,0.068347891252084,0.06844723755129754
0.05202115158467244,0.5829999999999995,0.05353696727928587,0.06632989224800158,0.06940884645179218,0.06839195867956732,0.06849416219863888
0.052024405994197546,0.5839999999999995,0.05357944585305975,0.06631709316630086,0.0694603809604656,0.06843599783228628,0.06854093726150476
0.052027631395905584,0.5849999999999995,0.05362182407137122,0.06630330241494525,0.06951234933378156,0.06847988947579409,0.06858758590948849
0.05203081109405546,0.5859999999999995,0.053664115397577955,0.06628872292796066,0.06956464427183935,0.06852359427905919,0.06863421940252834
0.05203419989661686,0.5869999999999995,0.05370634177231478,0.0662734854361489,0.06961713332908565,0.06856707454670123,0.0686809558336223
0.05203777663003518,0.5879999999999995,0.053748462566943656,0.06625767937882245,0.06966971423633286,0.06861027535074965,0.06872779116655248
0.052041876194122094,0.5889999999999995,0.053790495053593165,0.06624156626928111,0.0697222881185846,0.06865322369602539,0.06877475048637957
0.05204651690368303,0.5899999999999995,0.0538324395733637,0.0662252170378872,0.06977471432269297,0.06869587785241242,0.06882174489611786
0.05205180834738288,0.5909999999999995,0.05387440390839816,0.06620878717039061,0.06982702935999802,0.06873824454573041,0.06886882870395657
0.052057983304133734,0.5919999999999995,0.053916432206532,0.0661924044205306,0.06987925004449969,0.06878040533684777,0.0689160383456845
0.052064734402757495,0.5929999999999995,0.05395853273134665,0.06617620920912082,0.06993138278836696,0.06882244903266146,0.06896330822150845
0.05207226252953694,0.5939999999999995,0.05400072392157514,0.06616023234884033,0.06998346789383414,0.06886447957884578,0.06901059171639634
0.05208031918753332,0.5949999999999995,0.054043029887825035,0.06614451705233489,0.0700356027942677,0.06890660256228195,0.06905780658517455
0.05208880190933844,0.5959999999999995,0.05408545350533412,0.06612913416886786,0.0700878429238428,0.06894891540539995,0.06910488301547496
0.05209769794861155,0.5969999999999995,0.05412797496394534,0.06611402480274256,0.07014019336625243,0.06899147676251331,0.06915179900385847
0.05210674409728104,0.5979999999999995,0.05417053127375419,0.06609914821352378,0.07019267712313818,0.06903432522459518,0.0691985136857704
0.052115862970533264,0.5989999999999995,0.054213078853948514,0.06608451211147998,0.0702452999465631,0.06907740912533873,0.06924495751503175
0.05212515787037129,0.5999999999999995,0.05425555055941792,0.06606999598450841,0.0702981141203594,0.06912065072726031,0.06929105318794453
0.05213429500797651,0.6009999999999995,0.05429798543147088,0.0660556990219468,0.07035109160072868,0.06916395957490148,0.06933682911630812
0.052143242631091005,0.6019999999999995,0.0543403063498128,0.06604155780822066,0.07040418965903053,0.06920718389653281,0.06938223227113577
0.05215155758481299,0.6029999999999995,0.05438256887542829,0.06602744364664546,0.07045738201366594,0.06925024276402118,0.06942732977846841
0.05215898262887597,0.6039999999999995,0.0544247236156411,0.06601345232828372,0.07051062864612818,0.06929309564531899,0.0694721379275891
0.0521654063855017,0.6049999999999995,0.05446684422534073,0.0659995782965656,0.07056384865870471,0.06933560936342073,0.06951649381584675
0.05217066227797778,0.6059999999999995,0.05450886401763221,0.06598574454818878,0.07061698400267026,0.06937784336495695,0.06956046435690731
0.052174559412087464,0.6069999999999995,0.05455090643352336,0.06597207532686108,0.07066997103938832,0.06941985313893512,0.06960411761324188
0.052177051944995084,0.6079999999999995,0.05459286068219211,0.0659585068937344,0.07072274103346035,0.06946155793088368,0.0696474563142323
0.052178012365159045,0.6089999999999995,0.054634844871957355,0.06594495544275454,0.07077529718762537,0.06950295458727355,0.06969040921957333
0.05217777918040103,0.6099999999999995,0.05467677607815015,0.06593143991968367,0.07082762897731545,0.06954406113504978,0.0697330702213938
0.05217646184693305,0.6109999999999995,0.054718735502250766,0.06591783475605559,0.07087954928112172,0.06958488708690519,0.0697755142574708
0.05217406658916506,0.6119999999999995,0.05476062964934019,0.06590422190816804,0.070931010113744,0.06962549536123924,0.06981785387391118
0.05217088414741355,0.6129999999999995,0.05480255522716111,0.06589060330063574,0.07098196789126306,0.06966598031873023,0.0698602778018361
0.05216696939665974,0.6139999999999995,0.05484439435584495,0.06587678401868426,0.07103230602659671,0.06970631575802426,0.0699027797619506
0.05216230007657214,0.6149999999999995,0.05488629582003335,0.06586283593366572,0.07108187172999302,0.06974658144669042,0.06994552350525184
0.05215712488130878,0.6159999999999995,0.05492810561501115,0.0658486720189011,0.07113058899682632,0.06978701609268637,0.06998879805548656
0.05215143136538304,0.6169999999999995,0.05496995612952387,0.06583431770692356,0.07117842071578344,0.06982764664720831,0.0700326832199627
0.052145060253405894,0.6179999999999994,0.05501170843968328,0.06581998976762747,0.0712256368380675,0.06986842966312681,0.0700770724184051
0.05213830662809199,0.6189999999999994,0.05505348013999023,0.06580567933954365,0.07127230573513312,0.06990937345045256,0.07012199158560216
0.052131076074517245,0.6199999999999994,0.05509513555694726,0.0657912891869443,0.07131837650525417,0.06995054761089467,0.0701674670730136
0.05212323032853047,0.6209999999999994,0.05513678648239244,0.06577698969527428,0.07136384546913689,0.06999198789166966,0.07021342619310955
0.05211513577291823,0.6219999999999994,0.055178292936262294,0.06576279937148342,0.0714087246050488,0.0700336890160046,0.07025974951540921
0.05210678078751867,0.6229999999999994,0.055219799774760936,0.06574877982482423,0.07145310672277055,0.07007561210769005,0.0703063429985131
0.05209793011803163,0.6239999999999994,0.055261162253361536,0.06573509564208901,0.07149708208329116,0.07011760401451728,0.07035303463932786
0.05208903790988085,0.6249999999999994,0.055302517233318166,0.06572162200807101,0.0715406440167878,0.07015963077769964,0.07039974017096402
0.05208002406799491,0.6259999999999994,0.05534374965789161,0.0657083798909482,0.07158377096040924,0.07020174128429954,0.07044643571956165
0.052070693070143705,0.6269999999999994,0.055384967540804124,0.06569535640822732,0.07162651296934472,0.0702439037929761,0.07049305915952223
0.052061428701829254,0.6279999999999994,0.05542604307402812,0.06568247386807986,0.07166898980565369,0.0702860415214767,0.07053953453957605
0.05205220187162919,0.6289999999999994,0.05546710997121278,0.06566977580754854,0.07171133887911836,0.07032808048841081,0.07058582893560937
0.05204279253355846,0.6299999999999994,0.055508060168042696,0.06565732981755704,0.07175370363438836,0.07036984598148703,0.0706318323544768
0.05203353544086635,0.6309999999999995,0.05554900229808913,0.06564501113460568,0.07179611481712232,0.07041125868558425,0.07067743598679947
0.05202445676443347,0.6319999999999995,0.05558981312262182,0.06563286870564106,0.07183873350177002,0.07045242524696808,0.07072269275637787
0.052015229038060766,0.6329999999999995,0.05563059223173921,0.06562107514323713,0.07188159838523303,0.07049338263348653,0.07076769153827693
0.05200622265456066,0.6339999999999995,0.05567126417982854,0.06560969302657366,0.07192476350126564,0.07053406736860798,0.070812425064113
0.05199739520859085,0.6349999999999995,0.05571190527512729,0.0655989373157398,0.07196834889369894,0.07057442299675552,0.07085681320121444
0.051988510384895,0.6359999999999995,0.055752414338590114,0.06558897766990204,0.07201241368856937,0.07061446005744657,0.07090078907816824
0.05197976627353484,0.6369999999999995,0.05579284723865539,0.0655798066734094,0.07205692337453942,0.07065428067867685,0.07094432798268993
0.05197123723678001,0.6379999999999995,0.05583315726194548,0.06557168082655783,0.07210196608295799,0.07069392758817361,0.07098741597861831
0.051962716936966274,0.6389999999999995,0.055873368342296455,0.06556474089893545,0.07214760543545867,0.07073336862072671,0.07103008924742912
0.05195421508534045,0.6399999999999995,0.055913421117086845,0.0655590937899734,0.07219393938769961,0.07077253410342274,0.07107234436083922
0.051945981262687235,0.6409999999999995,0.05595334313288413,0.06555477420146803,0.07224091530857128,0.07081140370665875,0.0711142500791971
0.051937679752292104,0.6419999999999995,0.05599311429196445,0.06555169726225497,0.0722885525589596,0.070850017517754,0.07115586043713011
0.05192944765207038,0.6429999999999995,0.056032745515070946,0.06554966527346509,0.07233687042824961,0.07088847553117683,0.07119722779016437
0.05192143561110877,0.6439999999999995,0.05607225342548726,0.06554869577671517,0.07238596412534008,0.07092685978082122,0.07123844696244667
0.05191329721900023,0.6449999999999995,0.05611162989183777,0.06554858300330825,0.07243591193201555,0.07096525592315785,0.07127964476745802
0.05190515496298769,0.6459999999999995,0.056150888471734904,0.06554902299392619,0.0724866898296137,0.07100375141434646,0.07132090367610258
0.05189717121947379,0.6469999999999995,0.056190022382346515,0.0655497338300061,0.0725384013926174,0.07104243834524933,0.07136235313069902
0.05188912782735965,0.6479999999999995,0.05622908756614569,0.06555047307716631,0.07259105406850411,0.07108145676840405,0.07140401343395417
0.05188107780041697,0.6489999999999995,0.056268041854964514,0.06555104843273174,0.07264472752673613,0.07112086251174762,0.07144583371866235
0.05187332792875163,0.6499999999999995,0.056306922528677,0.06555120014227747,0.0726993017623966,0.07116061873913453,0.07148779649500529
0.051865549896882315,0.6509999999999995,0.056345669115570166,0.0655507823971956,0.07275465960241559,0.07120064152413459,0.07152985872869709
0.051857878403698085,0.6519999999999995,0.0563843657545561,0.06554961140375794,0.07281064309445286,0.07124097474817244,0.0715720023982344
0.05185073392577583,0.6529999999999995,0.05642290593200602,0.06554756053966054,0.07286713503751081,0.07128159642291931,0.07161426181031143
0.05184370086339711,0.6539999999999995,0.056461398407524205,0.06554451620516895,0.07292407882304033,0.07132250433212854,0.07165661658840988
0.05183684319105461,0.6549999999999995,0.05649972639022625,0.06554035859534624,0.072981322295125,0.07136375247912716,0.07169896707101434
0.05183048428665845,0.6559999999999995,0.056537985801030144,0.065535171619579,0.07303869981373402,0.07140525818839949,0.07174118001130159
0.051824319568113425,0.6569999999999995,0.0565760943122953,0.0655289821845948,0.07309621943409525,0.0714470116332846,0.07178319073676283
0.05181827849376208,0.6579999999999995,0.056614173319589844,0.06552165652542172,0.0731539059377514,0.07148908749441703,0.07182501404245631
0.051812690951229035,0.6589999999999995,0.05665205781680678,0.06551332242489334,0.07321178733022211,0.07153152644747134,0.0718666762556451
0.05180729771502284,0.6599999999999995,0.05668987882811176,0.06550410069242477,0.07326989761539017,0.07157425125938582,0.0719080737035206
0.05180198643987861,0.6609999999999995,0.056727575390062276,0.06549399152468004,0.07332816835616476,0.07161725406410506,0.07194904145638845
0.05179711665623023,0.6619999999999995,0.05676519914352258,0.06548307455060781,0.07338663355610194,0.07166047351095525,0.07198946021443844
0.05179250935694765,0.6629999999999995,0.05680271400941177,0.06547155446774627,0.07344542989947853,0.07170381869645029,0.07202930286704828
0.0517880330567067,0.6639999999999995,0.0568401684732583,0.06545980828829034,0.07350446538271926,0.07174732945270948,0.07206871096456625
0.0517839290608085,0.6649999999999995,0.05687753342570041,0.0654481499968537,0.07356390967382696,0.07179102894747798,0.07210785819695988
0.051780131878989596,0.6659999999999995,0.056914841608094194,0.06543653279550904,0.07362373867590481,0.07183487680494914,0.07214674572992455
0.051776660100672334,0.6669999999999995,0.05695212552663408,0.06542491711622402,0.07368382073541191,0.07187879515762913,0.07218533336012851
0.05177342849405084,0.6679999999999995,0.05698937459092363,0.06541323305667385,0.07374415105756452,0.07192275701652853,0.0722236713487215
0.051770548815484,0.6689999999999995,0.05702657393407372,0.0654015233392506,0.07380460635174303,0.07196678065305238,0.07226193529045295
0.05176804594238597,0.6699999999999995,0.05706373248699039,0.06538978132193901,0.07386501659118283,0.07201090189799414,0.07230033391378136
0.05176574758807449,0.6709999999999995,0.05710084437417913,0.06537762633806614,0.07392546602293311,0.07205507007724342,0.07233899284179018
0.05176384656522135,0.6719999999999995,0.057137925620463326,0.06536447847280091,0.073985743136405,0.07209925677631565,0.07237782107471413
0.051762353580379596,0.6729999999999995,0.057174972786693444,0.06535007015382199,0.07404565592490121,0.07214345946722249,0.07241663665661105
0.05176106046516781,0.6739999999999995,0.0572119333076509,0.06533443957364515,0.07410528852461788,0.07218767207953038,0.07245546530668431
0.05175999924694102,0.6749999999999995,0.05724885397714778,0.06531782706295765,0.07416454820450168,0.07223194654482726,0.07249445402486573
0.051759111249546505,0.6759999999999995,0.05728569885397814,0.06530024697637712,0.07422344515598754,0.07227633421353566,0.07253375335923723
0.051758277852558966,0.6769999999999995,0.05732250399674572,0.06528161482224816,0.07428203384944894,0.07232084068864034,0.07257340050447904
0.05175750108303852,0.6779999999999995,0.05735927806373614,0.06526195222682081,0.07434000975443389,0.0723654175906938,0.07261319360508196
0.051756642460514674,0.6789999999999995,0.057395995808310736,0.06524143632596362,0.07439731112867151,0.07241001790561742,0.07265298795266242
0.0517556107072221,0.6799999999999995,0.05743264023685153,0.0652202349524122,0.07445392003058428,0.07245463871491757,0.07269279593447102
0.051754530334749194,0.6809999999999995,0.057469255617284214,0.06519848432490327,0.07450986133300304,0.07249933645194213,0.07273279746561899
0.05175332725415906,0.6819999999999995,0.05750577924392124,0.06517625879764088,0.07456529208638922,0.07254415310313991,0.07277304414739517
0.0517520401579365,0.6829999999999994,0.05754227944347985,0.06515365567936957,0.0746202913997344,0.07258906238861967,0.07281346093206578
0.05175075230633993,0.6839999999999994,0.05757865591367527,0.06513072189502636,0.07467509301028098,0.07263404425041327,0.0728539036068107
0.0517495131107228,0.6849999999999994,0.05761494507287996,0.06510755171826842,0.07473009559350778,0.07267904425917932,0.0728942883070732
0.051748303000242135,0.6859999999999994,0.057651109757603375,0.06508423426488973,0.07478535871368941,0.07272400856581178,0.07293468079013135
0.051747241573594574,0.6869999999999994,0.05768722444186391,0.06506084563537638,0.07484096937743578,0.07276894819072706,0.07297516122401565
0.051746284504165733,0.6879999999999994,0.05772322973081258,0.06503753153383655,0.07489692251618052,0.07281396302484364,0.07301580916168755
0.051745404547090555,0.6889999999999994,0.0577591451549189,0.06501422968954654,0.07495308000394006,0.07285900109887802,0.07305652999863727
0.051744808913788146,0.6899999999999994,0.05779494768521657,0.06499090817653505,0.07500945444277746,0.0729040998710821,0.07309719583768721
0.05174429190972567,0.6909999999999994,0.057830678312434505,0.06496759063637114,0.07506623690313904,0.07294924263594908,0.07313770733047467
0.05174385849016434,0.6919999999999994,0.057866296256742715,0.06494435005671363,0.0751232067641986,0.07299437021781986,0.07317804024001516
0.05174378869234347,0.6929999999999994,0.05790181354211878,0.0649211918890577,0.07518021289707079,0.07303951740683803,0.07321829825908682
0.051743842242343685,0.6939999999999994,0.05793718790038493,0.06489812589770251,0.07523738575033719,0.07308479665771288,0.07325855817757937
0.05174408658297231,0.6949999999999994,0.05797243150320275,0.06487514177048613,0.07529485591032534,0.07313023989230129,0.07329873672190461
0.051744752526024944,0.6959999999999994,0.05800750205582664,0.06485233385876088,0.07535265364214092,0.0731758541331731,0.0733387359120124
0.051745744324029334,0.6969999999999994,0.05804237474470763,0.06482974071835602,0.07541068981732038,0.07322169951732199,0.07337859103736714
0.0517470887081367,0.6979999999999994,0.05807703892157387,0.06480732020345367,0.07546870786879031,0.07326779835401762,0.07341838820555557
0.05174902929878251,0.6989999999999994,0.058111492152834336,0.06478509585912076,0.07552639185704828,0.07331422463641675,0.07345825781561634
0.05175153808067384,0.6999999999999994,0.05814573393424421,0.06476305508226239,0.07558368229896933,0.07336101485704968,0.07349831900595517
0.05175471204384767,0.7009999999999994,0.05817974122609065,0.06474109670602714,0.07564041638804817,0.07340812201045936,0.07353851056648507
0.05175879229922656,0.7019999999999994,0.05821357647626209,0.06471914509881813,0.07569634386910645,0.07345542557262913,0.07357868051185483
0.05176370375741322,0.7029999999999994,0.058247213277969584,0.06469718783482512,0.07575146961950444,0.07350289933448591,0.07361888897293678
0.05176961088593672,0.7039999999999994,0.058280746515410896,0.064675171077371,0.0758057237549773,0.07355054710874787,0.07365922952094807
0.051776821051275554,0.7049999999999994,0.05831415528573236,0.06465311875738498,0.07585921108465873,0.07359830813818259,0.07369970437098393
0.051785241343145744,0.7059999999999994,0.05834756187885691,0.06463102162829051,0.07591209012633172,0.07364612685363683,0.07374031411306509
0.05179483641151787,0.7069999999999994,0.0583808597275889,0.06460880217709633,0.07596430207145001,0.07369396644739945,0.07378099677064834
0.051805894111883605,0.7079999999999994,0.058414180992300835,0.06458643267464982,0.07601577167249259,0.07374183310597424,0.07382164610196155
0.051818426208675036,0.7089999999999994,0.05844750517570091,0.06456394204136824,0.0760665218852884,0.07378980885636664,0.07386233114103978
0.051832252519913136,0.7099999999999994,0.05848091113787959,0.0645413060527948,0.07611643151120137,0.07383797158419805,0.07390318031803957
0.05184754182810334,0.7109999999999994,0.05851435997792815,0.06451856569391691,0.07616560878397326,0.07388627487335157,0.07394421874205456
0.05186426559789601,0.7119999999999994,0.058547929677835155,0.06449583311268807,0.07621397441909078,0.0739347079747214,0.07398538296031507
0.05188208879639788,0.7129999999999994,0.058581487593475486,0.06447307913362095,0.07626158478475659,0.07398328908878364,0.07402658178827164
0.05190109791928451,0.7139999999999994,0.058615142221379375,0.06445035278514062,0.07630856979950214,0.07403200957104693,0.07406777272057453
0.051921300099338936,0.7149999999999994,0.058648786089265166,0.06442782090524457,0.07635481812084899,0.07408083857783376,0.07410890295737355
0.05194223138851625,0.7159999999999994,0.05868241783209991,0.06440549409441776,0.07640042380053208,0.07412978603331516,0.07414998030000294
0.05196389568533636,0.7169999999999994,0.05871592281536723,0.06438340833872723,0.07644554780614107,0.07417885449960962,0.07419098731258866
0.05198616710233296,0.7179999999999994,0.05874939095037797,0.0643615075364353,0.07649012719692601,0.07422804154206625,0.07423190669444506
0.05200856815316351,0.7189999999999994,0.05878263667806517,0.06433980095943238,0.07653425434469668,0.07427729066616731,0.07427266777517127
0.05203120851143221,0.7199999999999994,0.0588157337037493,0.06431834860391827,0.07657808550775647,0.07432649069664439,0.0743132322096171
0.05205391510745853,0.7209999999999994,0.05884867879423905,0.06429732125829851,0.07662156088088926,0.07437552088075454,0.07435363128775671
0.052076214536917444,0.7219999999999994,0.05888146005935653,0.06427704159684518,0.07666485890693837,0.07442431108601445,0.07439393241799222
0.052098021901611336,0.7229999999999994,0.05891400147698882,0.06425795024043791,0.07670809519524689,0.07447282130700891,0.07443415776108579
0.05211937432703191,0.7239999999999994,0.05894644781727907,0.06424025738773811,0.07675125840660062,0.07452105839807063,0.07447431117999355
0.05214006116589273,0.7249999999999994,0.05897869303165738,0.06422378024403146,0.0767945357813613,0.07456890066174095,0.07451438085907398
0.0521601173254402,0.7259999999999994,0.05901081457947224,0.06420826096203727,0.07683808110597827,0.07461620438552896,0.07455434880316913
0.052179659172176436,0.7269999999999994,0.059042837533435304,0.06419372535181048,0.07688190641118578,0.07466294781706954,0.07459424994240964
0.052198584762765975,0.7279999999999994,0.059074764133518545,0.06418027546240557,0.07692620450736667,0.07470916150738396,0.07463409604156461
0.05221710908804651,0.7289999999999994,0.05910653265558369,0.06416771260265547,0.07697091311643597,0.07475489679490704,0.07467395689664309
0.052235501566729826,0.7299999999999994,0.05913827782212941,0.06415540877940973,0.07701609906149949,0.07480006190960803,0.0747138431858529
0.052253794625768374,0.7309999999999994,0.05916990520495272,0.06414288038362363,0.07706187563539524,0.0748444936041052,0.07475374286569356
0.05227205940291263,0.7319999999999994,0.05920147491865995,0.06412995672919361,0.07710821260248717,0.07488808465081524,0.07479373305885273
0.05229047270381728,0.7329999999999994,0.059232978173708706,0.06411703187254787,0.07715516616082439,0.07493062120697706,0.07483381967704474
0.052309138985706695,0.7339999999999994,0.05926441293299465,0.06410436885156214,0.07720271607593188,0.07497177867260851,0.07487402851366222
0.05232798347312897,0.7349999999999994,0.05929574435873146,0.0640919167815872,0.07725085549930365,0.0750114475648667,0.07491439938420424
0.052347078942012036,0.7359999999999994,0.05932701150257255,0.06407952727992208,0.07729981100936203,0.07504965167818065,0.07495497459530426
0.05236650412597019,0.7369999999999994,0.0593582155451024,0.06406740960012748,0.07735003183572775,0.075086439188484,0.07499569897439061
0.05238615192641224,0.7379999999999994,0.05938927740568967,0.06405595790156483,0.0774020216032563,0.07512198845880627,0.07503658725381245
0.05240609331945525,0.7389999999999994,0.05942025209817974,0.06404536986392377,0.07745619929504756,0.07515629680571956,0.0750776924833206
0.05242639404608797,0.7399999999999994,0.059451082356990044,0.06403558449139124,0.07751286939745428,0.07518908873417951,0.07511898415505379
0.05244702189153475,0.7409999999999994,0.05948180160878756,0.06402638491320617,0.0775722988946608,0.07522050137772536,0.07516044176611632
0.05246790676744437,0.7419999999999994,0.059512396718089625,0.06401757180154838,0.07763483884880508,0.07525097408346389,0.07520200092606306
0.05248911048474606,0.7429999999999994,0.05954284115206771,0.06400912232574936,0.07770065005947721,0.07528065936811977,0.07524352675185969
0.05251066166667333,0.7439999999999994,0.05957314793134792,0.06400095988371193,0.07776962159522997,0.07530958384881427,0.07528496532340073
0.05253243823362719,0.7449999999999994,0.059603318700870156,0.06399271634123023,0.07784115071112829,0.07533799251696759,0.07532633220960709
0.05255445717339656,0.7459999999999993,0.0596333973774167,0.06398403293550578,0.07791432398126735,0.07536619077170464,0.0753675951538663
0.052576780546617706,0.7469999999999993,0.05966331327977758,0.06397457606316241,0.07798839207536068,0.0753945159874388,0.0754086577115285
0.05259946227057251,0.7479999999999993,0.059693103726470666,0.06396413756544819,0.07806297176808284,0.07542333959553696,0.07544938871580312
0.05262246431007248,0.7489999999999993,0.059722741423074065,0.06395265093505638,0.07813782571934465,0.0754529878193354,0.0754897574574382
0.05264583331398572,0.7499999999999993,0.05975221838719949,0.06393997565192894,0.07821273127043163,0.07548373522645337,0.07552977773625327
0.052669620357526155,0.7509999999999993,0.059781579638538355,0.06392600264908765,0.07828748676275443,0.07551584306548398,0.0755695217592366
0.05269392834973308,0.7519999999999993,0.059810778011306714,0.06391066899477808,0.07836182717638848,0.07554951182891363,0.0756090827932307
0.052718803365597554,0.7529999999999993,0.05983979454861395,0.06389395579953114,0.07843568845129426,0.0755847970001356,0.07564845435187668
0.052744307722167975,0.7539999999999993,0.059868662878670195,0.06387604115418435,0.07850955739555775,0.07562169851480291,0.07568760891438871
0.05277048913980849,0.7549999999999993,0.05989742254380109,0.0638571236778958,0.07858367871608932,0.07566030829367422,0.07572661360374111
0.052797411617750804,0.7559999999999993,0.05992599236347779,0.06383729177550258,0.07865769491774563,0.07570079892086218,0.07576559769045457
0.05282514397813738,0.7569999999999993,0.05995444425543994,0.06381671554035473,0.07873093443034296,0.07574327938700204,0.07580463572953752
0.05285375517902398,0.7579999999999993,0.05998275483760479,0.06379577387194302,0.0788028601762877,0.07578759284379481,0.07584380857826163
0.052883389019112,0.7589999999999993,0.06001090180798012,0.06377484898906467,0.07887321168791739,0.07583361361185241,0.07588317590456868
0.052914068153017524,0.7599999999999993,0.06003895716435412,0.06375425887880432,0.07894186245808374,0.07588126608447977,0.07592277427617745
0.052945804972609,0.7609999999999993,0.060066882005985756,0.06373397549238663,0.07900873237427375,0.07593045793020906,0.07596259637012322
0.052978599861181835,0.7619999999999993,0.0600946946920833,0.06371374485708793,0.07907345061527894,0.07598104212472992,0.0760027049554696
0.0530124158910429,0.7629999999999993,0.06012238284806548,0.06369357595853556,0.07913563214192555,0.07603285654110868,0.07604318852489342
0.0530472364779563,0.7639999999999993,0.06014999765686595,0.06367353550147364,0.07919553116326276,0.07608571207725978,0.07608407741640144
0.0530829403391982,0.7649999999999993,0.060177495409482126,0.06365340515133935,0.0792532985749294,0.07613942954788651,0.07612536669477396
0.05311958209638012,0.7659999999999993,0.06020490258436368,0.06363264948065403,0.07930885565449833,0.07619377208827573,0.07616702846656706
0.053157199643413366,0.7669999999999993,0.06023220721324493,0.06361059413661922,0.07936221148279446,0.07624852915201638,0.0762090537139242
0.053195764890319276,0.7679999999999993,0.060259405328485366,0.06358695605114263,0.0794133314989177,0.07630350634085682,0.07625138269968233
0.053235213730733096,0.7689999999999994,0.06028650157957709,0.06356192144550776,0.07946242619154564,0.07635850088395262,0.07629403225763454
0.05327557732865429,0.7699999999999994,0.06031347345789408,0.06353592343619052,0.07950970107851335,0.07641338357356463,0.0763369856201266
0.05331684567409976,0.7709999999999994,0.060340320513330346,0.06350904092254543,0.07955506014926174,0.07646813110610268,0.07638019537070116
0.05335898580887157,0.7719999999999994,0.0603670410391786,0.06348126934576573,0.07959869654491532,0.0765226709356729,0.07642350373051178
0.05340185838856509,0.7729999999999994,0.06039360432362416,0.06345269582856052,0.0796408456757093,0.0765770037772325,0.07646689350805407
0.05344538852345719,0.7739999999999994,0.060420014512250514,0.06342353838221017,0.07968161655509329,0.0766312459040069,0.07651029937933129
0.05348955768968459,0.7749999999999994,0.060446326127388914,0.06339426999135943,0.0797214538383208,0.07668548418005165,0.0765536269799475
0.05353425150241602,0.7759999999999994,0.06047242181259847,0.06336520166630337,0.07976034015156586,0.0767397294841103,0.07659677017739228
0.05357949023176275,0.7769999999999994,0.060498427650983955,0.06333637294500576,0.07979827518190981,0.07679410347166787,0.07663971972652092
0.0536252916655419,0.7779999999999994,0.06052424993483084,0.0633077431937882,0.07983539698841974,0.07684861702373243,0.07668244714816888
0.05367178078258837,0.7789999999999994,0.06054996658171368,0.0632795293564609,0.07987170086085428,0.07690330319352989,0.07672482979980957
0.053719029652860635,0.7799999999999994,0.06057552596508963,0.06325183761140298,0.07990726353752214,0.07695826571916373,0.07676690242475409
0.053767078784832785,0.7809999999999994,0.06060098612588037,0.06322478256530492,0.07994220010431108,0.0770135407738646,0.07680862199173753
0.05381595042908716,0.7819999999999994,0.06062624688163685,0.06319838867967426,0.07997652519385164,0.07706913071911524,0.0768500130172854
0.05386566242687373,0.7829999999999994,0.060651460717721234,0.06317273639902714,0.08001036885527557,0.07712509183503759,0.07689122314467403
0.0539162715029888,0.7839999999999994,0.060676477838646575,0.06314784351671128,0.08004387242444908,0.0771814413179676,0.07693244030283516
0.05396771947293264,0.7849999999999994,0.060701439280684236,0.06312369699181458,0.08007698236486678,0.07723809887770339,0.07697371292893872
0.054019994418279406,0.7859999999999994,0.06072625021172073,0.06310042268655494,0.0801098742917494,0.07729501838834611,0.07701507104319877
0.05407309756277721,0.7869999999999994,0.06075096239808559,0.0630782289635211,0.0801427279983952,0.07735219423532326,0.07705662169058908
0.05412705278597328,0.7879999999999994,0.0607755498777001,0.063057290579369,0.08017558230588938,0.07740945791679787,0.07709842033710176
0.05418182025157048,0.7889999999999994,0.06080011405944603,0.06303761349113854,0.0802084830207887,0.07746667778065,0.07714050948099337
0.05423741671271093,0.7899999999999994,0.060824521698681,0.06301916743352788,0.08024147711108891,0.07752379876674419,0.07718297560246457
0.054293861758588774,0.7909999999999994,0.06084891789256407,0.06300203903747345,0.0802746517156518,0.07758075295729057,0.07722580861305094
0.054351206443023,0.7919999999999994,0.06087317673317687,0.0629864724259289,0.08030811595506644,0.07763736934327531,0.077268714145414
0.05440947002735943,0.7929999999999994,0.060897439706295964,0.06297274177959124,0.08034190887719359,0.07769362607867766,0.07731153693870237
0.05446863045688977,0.7939999999999994,0.06092157996341008,0.06296081199758602,0.0803760221442228,0.07774960621529658,0.07735430457351215
0.054528613093293855,0.7949999999999994,0.060945695501603316,0.06295044082109463,0.0804104843038601,0.0778052594850422,0.07739697435487106
0.05458937502873513,0.7959999999999994,0.060969686484934366,0.06294130796862932,0.0804453172981348,0.07786054386730615,0.07743945565532544
0.05465095066993194,0.7969999999999994,0.06099368401836131,0.06293338047993698,0.08048060924890652,0.07791554942255305,0.07748165558457867
0.05471325141734173,0.7979999999999994,0.06101753772272896,0.06292681285193381,0.0805164221817801,0.07797031841555901,0.07752347516144445
0.05477619881360705,0.7989999999999994,0.06104139876039006,0.06292170589805733,0.08055282832278551,0.0780248341057378,0.07756479066725071
0.054839731024466744,0.7999999999999994,0.06106511408246614,0.06291771825727364,0.08058974392748698,0.07807913407779862,0.0776055874239873
0.054903800851120815,0.8009999999999994,0.06108879206078189,0.06291441786979955,0.08062724262078337,0.0781333359419919,0.07764606510001047
0.05496836767365641,0.8019999999999994,0.061112335003909835,0.06291153072177094,0.0806653792001822,0.07818742078263549,0.07768619610934159
0.055033379868821196,0.8029999999999994,0.061135878456595974,0.06290891960087405,0.08070410908865294,0.07824143295875313,0.07772592274450225
0.05509878946805746,0.8039999999999994,0.06115923254882247,0.06290650242216544,0.0807434081302684,0.07829546447895161,0.0777654532062871
0.055164531819470126,0.8049999999999994,0.0611825416232554,0.0629041611274351,0.0807831683173813,0.07834957919818793,0.07780501102576878
0.055230601257791424,0.8059999999999994,0.06120572608373215,0.06290145221271573,0.08082318476505601,0.07840375265883284,0.07784456762247674
0.0552970404795165,0.8069999999999994,0.061228791109286924,0.06289791976577701,0.08086339621110411,0.07845802881696058,0.07788417202692033
0.0553638562900115,0.8079999999999994,0.061251788483642704,0.06289326830659338,0.08090355951124306,0.07851249698907092,0.07792398261235248
0.055431037949603176,0.8089999999999994,0.06127468387181676,0.06288748778217791,0.08094347769622995,0.07856718462564731,0.07796403929726012
0.05549860294967539,0.8099999999999994,0.06129741610496686,0.06288063123514753,0.08098299207101337,0.07862207924891611,0.07800439387501884
0.055566541895076635,0.8109999999999993,0.06132010018857254,0.06287266273993874,0.08102189456506848,0.07867719578220353,0.07804513113680209
0.05563487373645591,0.8119999999999993,0.06134267100334368,0.06286363311546714,0.08106022194427027,0.07873247512796953,0.07808610121118187
0.055703654662706326,0.8129999999999993,0.06136511568902535,0.06285361675140377,0.0810981454555544,0.07878782853349536,0.07812701924144921
0.05577292364803938,0.8139999999999993,0.061387503085619965,0.06284270650205126,0.08113562565533483,0.07884325317448859,0.07816782245373659
0.055842727054249114,0.8149999999999993,0.061409818622332815,0.06283115279610854,0.08117289304958672,0.07889881797456552,0.07820858008734065
0.0559130752707657,0.8159999999999993,0.06143201305429321,0.06281912662952568,0.08121005090168405,0.07895456832414273,0.07824936177958597
0.05598399066412697,0.8169999999999993,0.06145418249964687,0.06280666043440691,0.08124709889677185,0.07901043870087772,0.07829019824729656
0.056055505687164026,0.8179999999999993,0.06147629158565304,0.06279377888673722,0.08128424949594522,0.07906640384308919,0.07833101913014565
0.056127673421747674,0.8189999999999993,0.0614982752472158,0.06278054975101631,0.08132148684963501,0.07912248141216655,0.07837166950200772
0.0562005300924621,0.8199999999999993,0.06152027541686946,0.06276701705924685,0.08135868785214147,0.07917860677937873,0.07841207237613787
0.05627412046457633,0.8209999999999993,0.06154220285367988,0.06275325466629626,0.08139591797580742,0.0792347282350159,0.07845224950092297
0.05634849191952456,0.8219999999999993,0.061564082889939316,0.0627392303533415,0.08143298306466977,0.07929084211723578,0.07849235440151466
0.0564236344001246,0.8229999999999993,0.0615858799450489,0.06272494205221729,0.08146980419431195,0.07934693854791391,0.07853244801119694
0.056499548987651714,0.8239999999999993,0.06160770150255884,0.06271045905181985,0.08150648074628633,0.07940296600590752,0.07857246839415276
0.05657620152272354,0.8249999999999993,0.061629354629909996,0.06269582305107961,0.081542834720938,0.07945890753977378,0.07861232334382662
0.056653613176384225,0.8259999999999993,0.061651043151258106,0.06268104879163015,0.08157881505474968,0.07951475978355213,0.07865192092930143
0.05673175396995224,0.8269999999999993,0.06167266881854624,0.0626662376775198,0.0816143525512908,0.07957047700463216,0.07869121320915859
0.056810583196965164,0.8279999999999993,0.06169422989231717,0.06265167990768741,0.08164934172696939,0.07962607723776062,0.0787302624673967
0.05689008380710062,0.8289999999999993,0.061715695695873554,0.06263759676350539,0.08168386119217322,0.07968163770920718,0.07876913026108363
0.05697019432741702,0.8299999999999993,0.06173716429960159,0.06262420469287171,0.081717893878091,0.0797372375703693,0.07880779432998374
0.05705079811233035,0.8309999999999993,0.06175853528199743,0.0626118509100292,0.08175157589378072,0.0797929392431427,0.07884623665105824
0.05713185900804249,0.8319999999999993,0.06177987239215217,0.06260076480278667,0.08178499249107918,0.07984882355507374,0.07888446516620595
0.05721338349809973,0.8329999999999993,0.06180116238904062,0.06259122101891224,0.08181827435638046,0.07990497619541147,0.07892245571615397
0.057295316062693925,0.8339999999999993,0.06182236731818284,0.06258342549780094,0.08185144089981733,0.07996148679746841,0.07896025088355083
0.05737771761535684,0.8349999999999993,0.06184350319731626,0.06257739116052508,0.08188466354731695,0.080018512189684,0.07899798144471148
0.05746052586067572,0.8359999999999993,0.06186462125674532,0.06257308071836723,0.08191804259460168,0.08007616381697887,0.07903567835200612
0.05754369678415832,0.8369999999999993,0.06188565817816972,0.06257030290061234,0.08195156989921557,0.08013443851446728,0.07907342826319086
0.05762725620187963,0.8379999999999993,0.06190661415586537,0.06256872617404728,0.08198537385151776,0.08019325513147653,0.07911132552422731
0.05771118494969971,0.8389999999999993,0.06192753966625248,0.06256807506710849,0.08201983193209751,0.08025256352688849,0.07914945675174406
0.05779543273899278,0.8399999999999993,0.06194836756637345,0.06256795112941016,0.08205558109605256,0.08031236654616739,0.0791878321369135
0.05788000015603436,0.8409999999999993,0.061969154884011564,0.06256790153427706,0.08209335094942428,0.08037257201700225,0.07922643973709358
0.057964900008932785,0.8419999999999993,0.0619899037354983,0.06256746046791947,0.08213354338535568,0.08043310140716943,0.07926542737001366
0.058050120933561884,0.8429999999999993,0.062010621873385824,0.06256629727574094,0.08217598237921468,0.08049388203789118,0.07930489195611501
0.05813565475062466,0.8439999999999993,0.06203118994815697,0.06256417220423993,0.08222022212942005,0.08055466179984326,0.07934479257755664
0.058221494024679105,0.8449999999999993,0.06205182994185629,0.06256084890731414,0.08226569336552295,0.08061514124165343,0.07938505056108251
0.05830775691001857,0.8459999999999993,0.06207240705834453,0.0625561236149055,0.08231189329436793,0.0806752789405195,0.07942569824713382
0.05839447249525774,0.8469999999999993,0.06209295580102628,0.06254994423418256,0.08235837828871727,0.08073510800114687,0.07946673014583741
0.05848162725313469,0.8479999999999993,0.06211347392229576,0.06254231923400749,0.0824042987922518,0.08079451572296927,0.07950805566210845
0.058569255404326157,0.8489999999999993,0.062134027442552864,0.06253340302059954,0.08244842477361823,0.08085336845168614,0.07954969438514321
0.05865735702277455,0.8499999999999993,0.06215453540048804,0.06252341529108295,0.0824895968200512,0.08091163950833374,0.079591678890068
0.05874592898644036,0.8509999999999993,0.06217513699475057,0.06251256409992649,0.08252727908100443,0.08096930084686461,0.07963394280430448
0.05883496071861269,0.8519999999999993,0.062195711231478545,0.06250095776719777,0.08256153380446937,0.08102632806145631,0.07967652516617893
0.05892445489119047,0.8529999999999993,0.06221634736317773,0.062488869801620356,0.08259262689661798,0.08108280749039011,0.07971943782447823
0.05901441393700565,0.8539999999999993,0.06223695218211568,0.06247662721194207,0.08262098740451608,0.08113891401480389,0.07976272032126513
0.059104804752153066,0.8549999999999993,0.06225764564694522,0.06246455692660736,0.08264674172747759,0.08119486518841355,0.07980645377925884
0.05919558737492689,0.8559999999999993,0.062278299215243846,0.06245286474077958,0.0826698000651615,0.08125083499297746,0.07985067349864079
0.05928676336523993,0.8569999999999993,0.062299009933319716,0.06244179876161428,0.08269017789278353,0.08130691466579248,0.07989534897485596
0.05937825871392069,0.8579999999999993,0.062319671710317125,0.06243149225102003,0.08270808123709927,0.08136319349412238,0.0799404602496058
0.05947008923846342,0.8589999999999993,0.06234039641963855,0.062422141641409204,0.08272375310141104,0.08141977155404405,0.07998598450737769
0.05956220868236216,0.8599999999999993,0.06236100818257993,0.06241400408176993,0.08273749713540013,0.08147667994608525,0.08003187943154658
0.059654506229586755,0.8609999999999993,0.06238168492011708,0.062407184084911256,0.08274939122149769,0.08153389015065747,0.08007821462592342
0.059746987647243816,0.8619999999999993,0.06240226501131176,0.062401662376756886,0.08275960083950201,0.08159136662762617,0.08012498970976609
0.05983958578171741,0.8629999999999993,0.06242285153733733,0.06239743724090021,0.08276844944064861,0.08164903307901446,0.08017212523024046
0.05993230468789772,0.8639999999999993,0.06244334069128589,0.06239437807500092,0.08277605289594421,0.08170670635501485,0.08021958556729294
0.06002506960103996,0.8649999999999993,0.062463847909610924,0.06239249981537734,0.0827828676404259,0.08176416409235578,0.0802673180457286
0.060117818554982355,0.8659999999999993,0.06248423840799559,0.06239172417441946,0.08278928253115726,0.08182139056187221,0.08031534677609563
0.06021051639144464,0.8669999999999993,0.06250461140334991,0.06239191027228892,0.08279546693366487,0.08187844418858492,0.08036374129062368
0.06030310410759097,0.8679999999999993,0.06252489850275568,0.06239283268386232,0.08280172198723242,0.0819352702887759,0.08041253092949056
0.060395566021069026,0.8689999999999993,0.0625451649070232,0.062394214283468544,0.08280809037002763,0.08199185811429247,0.08046163953918459
0.060487844353990766,0.8699999999999993,0.06256534814314066,0.06239579521088339,0.08281457777760562,0.08204841539738923,0.08051106285705288
0.060579889473511714,0.8709999999999993,0.06258549916091273,0.06239740425767552,0.08282123975185128,0.08210500159862985,0.08056083880421067
0.060671711741721576,0.8719999999999993,0.06260554699784449,0.062398870413966606,0.08282785920779485,0.0821613762279351,0.0806108945498288
0.06076333736605473,0.8729999999999993,0.06262555967409231,0.06240008411636166,0.08283436380713645,0.08221752067853626,0.08066116180065017
0.060854782787303954,0.8739999999999992,0.06264552921682291,0.06240086865131058,0.08284080771931804,0.08227365121946383,0.08071175329565185
0.06094604779672542,0.8749999999999992,0.0626653866397825,0.06240113907738963,0.08284692370641832,0.08232994234797443,0.08076267779948086
0.06103714915548129,0.8759999999999992,0.06268527620480661,0.06240092068488151,0.0828526893728068,0.08238631295365985,0.08081372369204957
0.061128075368044335,0.8769999999999992,0.06270506646991503,0.062400281797060454,0.08285805556571516,0.08244279962930495,0.08086474089996575
0.06121888709966332,0.8779999999999992,0.06272481713343156,0.06239928900859341,0.08286287911442666,0.08249938281386265,0.08091569304152867
0.06130959855757668,0.8789999999999992,0.06274454786944549,0.062398110960117506,0.08286713649977945,0.08255595967863077,0.08096658551202232
0.0614002554495412,0.8799999999999992,0.0627642570586284,0.062396915123430194,0.0828708607040925,0.08261271019856865,0.08101739914617782
0.0614909052828225,0.8809999999999992,0.06278393484253443,0.06239580900734841,0.08287400349146488,0.082669804767003,0.08106812595284842
0.06158166956628169,0.8819999999999992,0.0628036379122092,0.062394894183813936,0.08287666206044636,0.08272718580526374,0.08111871621760094
0.06167257397776748,0.8829999999999992,0.0628232754860658,0.06239434416999463,0.08287869992203331,0.08278452771408683,0.08116906427777831
0.0617636830608893,0.8839999999999992,0.06284293831487953,0.062394363620808455,0.08288003982591823,0.08284170791429354,0.08121914496447068
0.061855012317869655,0.8849999999999992,0.06286256052121028,0.06239508685402437,0.08288071946849948,0.08289888891837631,0.08126898821618884
0.06194666082927075,0.8859999999999992,0.06288221795264619,0.06239659611594004,0.08288082062225646,0.0829562676780544,0.08131873051491498
0.06203865467767068,0.8869999999999992,0.06290183241090094,0.062398941265269924,0.08288026811936652,0.08301386474562089,0.08136839475942312
0.06213098490710009,0.8879999999999992,0.06292147921543342,0.062402203917089616,0.082878918862802,0.08307152667102041,0.08141798670944309
0.06222364799785631,0.8889999999999992,0.06294106352382021,0.0624064345039858,0.082876451583894,0.08312916918607739,0.08146739634260036
0.062316645596313114,0.8899999999999992,0.06296073080252736,0.06241163272102452,0.08287256661338001,0.0831867908559937,0.08151651283138754
0.06240997679528867,0.8909999999999992,0.06298036643814879,0.06241788271094389,0.08286717337655909,0.08324449608551598,0.08156538970854313
0.06250367571464258,0.8919999999999992,0.06300006544980867,0.06242520223733268,0.08286035800131553,0.08330232286473287,0.0816141122497021
0.06259774122839355,0.8929999999999992,0.06301972191287529,0.06243355011290663,0.08285214226217909,0.08336020301146069,0.08166270402242652
0.06269222598288417,0.8939999999999992,0.06303945415395383,0.06244287992432689,0.0828424880158925,0.08341808501115774,0.08171122392028524
0.06278710586987876,0.8949999999999992,0.0630592148600782,0.06245321640952781,0.08283136799494051,0.08347586356515992,0.08175963139529749
0.06288231404403513,0.8959999999999992,0.06307903204456335,0.06246453456499916,0.08281897402543868,0.0835335460004168,0.08180776957409758
0.0629778911079558,0.8969999999999992,0.06309886915931745,0.062476761615988266,0.08280576612449848,0.08359119742285286,0.08185569168421097
0.06307372817241434,0.8979999999999992,0.06311878116596933,0.06248984191812666,0.08279194059368555,0.08364888311463983,0.08190372485243257
0.06316973747097515,0.8989999999999992,0.06313865393894218,0.06250376746743792,0.08277764670720437,0.08370676593222937,0.08195215144404741
0.06326599312824137,0.8999999999999992,0.06315857885384088,0.06251844826946447,0.08276303823974175,0.0837650114298622,0.08200098355318283
0.06336237761314631,0.9009999999999992,0.06317856811789696,0.06253386353867985,0.08274802426619252,0.08382370192857906,0.08205019191851763
0.06345883875706716,0.9019999999999992,0.06319855564010246,0.06255000821541924,0.08273268469479281,0.08388298462692982,0.08209984291201759
0.06355536070673641,0.9029999999999992,0.06321856661478167,0.06256687222519682,0.08271746863449633,0.08394300426694976,0.08215007308559703
0.06365191634542376,0.9039999999999992,0.06323872563479124,0.06258442900612537,0.08270303325207103,0.08400399785832852,0.08220104374246792
0.06374847591529711,0.9049999999999992,0.0632588721946609,0.06260270001611849,0.08269034585077173,0.08406611224048706,0.08225281696099261
0.06384499342809649,0.9059999999999993,0.0632791004261563,0.06262170312215848,0.08268031035848164,0.08412950633158332,0.08230542956667496
0.06394146880331986,0.9069999999999993,0.06329939389422509,0.06264149118247878,0.08267336671360853,0.0841943339247615,0.08235884704496019
0.06403781576933013,0.9079999999999993,0.06331965082005689,0.06266212633889895,0.08266953484052111,0.0842605918938861,0.0824129320075149
0.06413398221564237,0.9089999999999993,0.06333995156767326,0.06268368188769849,0.08266837082591007,0.0843281390266673,0.08246761667793628
0.06422995681274621,0.9099999999999993,0.0633603524953324,0.06270616668330586,0.0826691644468096,0.0843966629502771,0.08252293114107463
0.06432556628183535,0.9109999999999993,0.06338067995274299,0.06272963293847221,0.08267147578094909,0.08446594481801292,0.08257885197068773
0.06442065782262942,0.9119999999999993,0.0634009955246642,0.06275411488539327,0.08267477648975277,0.08453582801233352,0.08263529309320854
0.06451522139836517,0.9129999999999993,0.0634213863129666,0.06277963061716775,0.0826780558936279,0.08460599841830077,0.08269214447724473
0.06460917981514851,0.9139999999999993,0.06344171278090516,0.06280620146832083,0.08267972650320353,0.08467607803708144,0.08274935404212817
0.0647025783147795,0.9149999999999993,0.06346200678572,0.06283381946440313,0.08267818566520892,0.08474565559271142,0.0828067443516676
0.0647954788945729,0.9159999999999993,0.06348233503259754,0.06286244623872496,0.08267245288806818,0.08481425888385352,0.08286412116979773
0.06488801897411596,0.9169999999999993,0.06350252740196437,0.06289201215729065,0.0826623080032658,0.08488152905910377,0.08292145603390834
0.06498031209919108,0.9179999999999993,0.06352261352690573,0.06292249691636154,0.08264787793109866,0.08494731768722134,0.0829788282304244
0.06507244715852627,0.9189999999999993,0.06354259949590367,0.06295382724417169,0.08262952552051585,0.08501183534808966,0.08303620184092775
0.0651644851470532,0.9199999999999993,0.06356243792696466,0.06298594430049369,0.08260729966970033,0.08507493135417482,0.08309340809116265
0.06525660821246015,0.9209999999999993,0.06358206117085528,0.06301879828532445,0.08258095464231018,0.08513644725707416,0.08315030896258628
0.06534900037240851,0.9219999999999993,0.06360161108925624,0.0630523226713047,0.08255056550840616,0.0851962767875838,0.08320686744120122
0.06544180008635751,0.9229999999999993,0.06362102963825114,0.06308646350130523,0.0825169784549311,0.08525432368771987,0.08326305437011253
0.06553511304233288,0.9239999999999993,0.06364031047189156,0.06312116934163568,0.08248090794417227,0.08531068447896609,0.08331883494943752
0.06562908520044303,0.9249999999999993,0.0636595624114651,0.0631564262208192,0.08244305529541203,0.0853656107695246,0.08337423184148947
0.06572396996943798,0.9259999999999993,0.06367875278541664,0.06319222095193115,0.08240373151417636,0.08541942814365126,0.0834292151096985
0.06581992120835,0.9269999999999993,0.06369787689710979,0.0632285351471621,0.08236333886969058,0.08547242794012265,0.08348371139411008
0.0659170479844025,0.9279999999999993,0.06371702806296214,0.06326539242366791,0.08232246091222407,0.08552494167832835,0.08353776163262946
0.06601550782546027,0.9289999999999993,0.06373622049361033,0.06330278873423308,0.08228164447430614,0.08557728655910966,0.08359143033153155
0.06611545536763347,0.9299999999999993,0.06375541027745522,0.06334073329154534,0.08224131892777584,0.08562959892599264,0.0836448177459819
0.06621702592159656,0.9309999999999993,0.06377465961014238,0.06337926827772966,0.0822018662291812,0.08568211134950954,0.08369800174297075
0.06632034241134958,0.9319999999999993,0.06379398657938382,0.06341839907961795,0.08216332185486402,0.08573511239395357,0.08375108090839542
0.06642541949131424,0.9329999999999993,0.06381334443739017,0.06345813548056854,0.08212562430529968,0.08578882947600759,0.08380407135443146
0.06653218010724399,0.9339999999999993,0.06383282852194272,0.06349848457327992,0.08208882496746894,0.08584288912259735,0.08385682274252641
0.06664048334520524,0.9349999999999993,0.06385241702601706,0.06353944690043428,0.08205290655532031,0.08589674573647829,0.08390926403862103
0.06675024835204266,0.9359999999999993,0.06387211931491867,0.06358101382150923,0.08201777706800419,0.08595022661899197,0.08396154922111936
0.06686129731459274,0.9369999999999993,0.06389195582766818,0.06362318145613399,0.08198321761900376,0.08600306192628294,0.08401357716674175
0.0669734050879049,0.9379999999999993,0.06391195314293463,0.06366593257756602,0.08194896787124344,0.08605481437345976,0.08406470952742841
0.06708631121394151,0.9389999999999992,0.06393201174274081,0.06370921253065437,0.0819150661811311,0.08610524275357878,0.08411446539865879
0.06719975288680247,0.9399999999999992,0.06395226283247923,0.06375298560663904,0.08188156867100531,0.08615434736750785,0.08416289719295338
0.06731352033482066,0.9409999999999992,0.06397263771834537,0.06379719489235768,0.08184857687524978,0.08620200313407106,0.08420983874463943
0.06742735983141933,0.9419999999999992,0.06399310152848711,0.06384179292789306,0.08181615249144412,0.08624774153928544,0.08425453646962057
0.06754103972355481,0.9429999999999992,0.06401376968636492,0.06388674716565458,0.08178452794592261,0.08629148534438931,0.08429637326610388
0.06765428250339045,0.9439999999999992,0.06403462245077982,0.0639320133086244,0.08175421056634641,0.08633358088932866,0.08433535445988814
0.06776686434832713,0.9449999999999992,0.06405567083439488,0.06397753985591635,0.08172587463996883,0.08637407855347047,0.08437130892478073
0.0678785535678811,0.9459999999999992,0.06407693621769425,0.06402327071627799,0.0817001212653686,0.08641257486133386,0.08440355968644153
0.06798918624699679,0.9469999999999992,0.06409850509068205,0.06406916165518599,0.08167732665388702,0.08644900904125785,0.08443192196081986
0.06809861311811581,0.9479999999999992,0.06412037273546478,0.06411517907041199,0.08165746258426858,0.08648350315096626,0.0844565215657496
0.06820666397700137,0.9489999999999992,0.06414254867728483,0.06416130526584993,0.08164021811437479,0.08651619707753354,0.08447710900694029
0.06831314671269367,0.9499999999999992,0.06416507992041463,0.06420751295825557,0.08162513356902111,0.08654724292670055,0.08449389541028036
0.0684178988801392,0.9509999999999992,0.06418797471163483,0.06425377839460919,0.08161183991014496,0.08657708794291798,0.0845081284236732
0.06852085230029854,0.9519999999999992,0.06421117753137624,0.06430007114677139,0.08160003861739148,0.08660605170410175,0.08452104259260082
0.0686220665320501,0.9529999999999992,0.06423476221553724,0.06434638374829828,0.08158874771631598,0.08663404554625583,0.08453256394086109
0.06872157863699295,0.9539999999999992,0.06425860729243954,0.06439270604096488,0.0815764398400124,0.0866608852449636,0.08454244839004861
0.06881946169585977,0.9549999999999992,0.06428274459099083,0.06443903991296876,0.08156184458021569,0.08668698312447712,0.08455176696507438
0.06891573164542847,0.9559999999999992,0.06430711956579518,0.0644853802781357,0.08154437522193429,0.08671309951170375,0.08456219171900678
0.06901043035493588,0.9569999999999992,0.06433170192979348,0.06453173324364825,0.08152400573680356,0.0867395011540154,0.08457469136670367
0.06910371958288068,0.9579999999999992,0.06435638503107531,0.06457809099907451,0.08150142987275844,0.08676619066510273,0.0845896564943359
0.06919571258690499,0.9589999999999992,0.06438108932021133,0.06462446047142771,0.08147763073996846,0.08679334820008057,0.08460737556984656
0.06928649001501631,0.9599999999999992,0.06440578848179909,0.06467085716989544,0.08145312021160585,0.0868210464823324,0.08462802789949983
0.0693761174377614,0.9609999999999992,0.0644304326139976,0.06471728499192526,0.0814278560180332,0.08684949925723967,0.08465142194524744
0.06946465940868471,0.9619999999999992,0.06445491745952367,0.06476375517014779,0.08140177283579143,0.08687892580573653,0.08467782417796027
0.06955213952522434,0.9629999999999992,0.06447929962894053,0.0648102714987735,0.08137542666192317,0.08690955863008534,0.08470780330887372
0.06963858656875101,0.9639999999999992,0.06450348565374293,0.0648568322759065,0.08134962317843768,0.08694175396738277,0.08474159949086897
0.06972409485183909,0.9649999999999992,0.06452748871726038,0.06490344600463817,0.08132476453448205,0.08697550656936992,0.08477916980068056
0.0698087215480821,0.9659999999999992,0.06455132056177951,0.06495010244335252,0.0813010287038609,0.08701085430320032,0.08482009117683985
0.06989245976639621,0.9669999999999992,0.06457498288862482,0.06499680630044723,0.08127848597372135,0.0870478312669199,0.08486393373808672
0.06997538468548511,0.9679999999999992,0.06459847933947464,0.06504354799524681,0.08125700994698262,0.08708621144272845,0.08491009475295536
0.07005758584880908,0.9689999999999992,0.06462187088877949,0.06509032792202553,0.08123662222742582,0.08712598019438363,0.08495813733009183
0.07013908632629498,0.9699999999999992,0.06464509462392294,0.06513713949415517,0.08121772841754092,0.08716740313718077,0.08500828368194809
0.07021994512518137,0.9709999999999992,0.06466826202865705,0.06518397922593497,0.08120063839410642,0.08721044381245328,0.0850605933924245
0.07030026870454749,0.9719999999999992,0.06469137786468984,0.06523083856283893,0.08118534013904397,0.08725500430465828,0.08511457010987396
0.07038012576533018,0.9729999999999992,0.06471449303600503,0.06527771566809533,0.08117167090610011,0.08730089506326555,0.08516977832828469
0.07045958665031714,0.9739999999999992,0.06473760680588755,0.06532459978794192,0.08115958983631348,0.08734778671121797,0.0852257638071864
0.07053872524768212,0.9749999999999992,0.06476080529358152,0.06537149356711958,0.08114924230869552,0.08739566374686579,0.08528217051935591
0.07061758021998814,0.9759999999999992,0.06478406871966162,0.06541839286181345,0.08114076532259765,0.08744429127352275,0.08533888035801901
0.07069627446425922,0.9769999999999992,0.06480741626279758,0.0654652933968252,0.08113395744934099,0.08749349505013156,0.08539603427541267
0.0707748949365679,0.9779999999999992,0.0648308347386039,0.0655121907421147,0.08112850827098796,0.08754336693527803,0.08545376908514857
0.07085353466267985,0.9789999999999992,0.06485434607165196,0.0655590786287265,0.08112432147716617,0.08759364543599074,0.0855119358963521
0.0709321993187872,0.9799999999999992,0.06487795080144876,0.06560595622886212,0.08112100310793328,0.08764416463599334,0.08557021547398733
0.07101095025905912,0.9809999999999992,0.06490161867869447,0.06565282177712148,0.08111804981590812,0.0876949748369781,0.08562857481972916
0.07108981962030013,0.9819999999999992,0.06492541966392111,0.06569967809039555,0.08111488744108414,0.08774593283804989,0.08568701478993251
0.0711688598672586,0.9829999999999992,0.06494927434008964,0.06574652046059946,0.08111105034469739,0.08779690449875756,0.0857451281571632
0.07124808583283238,0.9839999999999992,0.0649732424722076,0.06579335310768587,0.08110601591207697,0.08784784802656832,0.0858027827760327
0.07132756151308349,0.9849999999999992,0.06499730124490272,0.0658401725269812,0.08109911110417826,0.0878988890775057,0.08586059318442382
0.07140726580154627,0.9859999999999992,0.06502146162050708,0.06588698034385963,0.0810894324353509,0.08795037017937715,0.08591915656392074
0.07148720592119512,0.9869999999999992,0.06504562773215386,0.0659337750502215,0.08107632690932276,0.08800239783382616,0.08597850379438482
0.07156735702565557,0.9879999999999992,0.06506993410819525,0.06598055216942816,0.08105945535845246,0.08805474773249242,0.08603825871748105
0.07164774378351003,0.9889999999999992,0.06509427909304177,0.06602732137855062,0.08103884349294252,0.08810755149505083,0.08609861784593993
0.07172835544328754,0.9899999999999992,0.06511865962405063,0.06607407317022572,0.08101476715355774,0.08816097624374558,0.08615999294184094
0.07180917137703183,0.9909999999999992,0.06514310571593208,0.06612080993602662,0.08098780422368321,0.08821504185831505,0.08622252516107465
0.07189008733639415,0.9919999999999992,0.06516764830450901,0.06616752350195781,0.0809584080822486,0.08826982457592439,0.08628629283701476
0.07197112771821707,0.9929999999999992,0.06519213297539689,0.06621421320226775,0.08092690609950122,0.088325366295218,0.08635149063264533
0.07205236708133117,0.9939999999999992,0.06521677161032863,0.06626088187418452,0.08089364620364288,0.08838167099600577,0.08641806889913277
0.07213375395482353,0.9949999999999992,0.0652413918394491,0.06630752475460956,0.08085931381159443,0.08843868946562107,0.08648582255623001
0.07221527414424654,0.9959999999999992,0.06526606481313009,0.06635414897868637,0.08082460429845366,0.08849643048963082,0.08655450807995228
0.07229693376421685,0.9969999999999992,0.06529078780610534,0.06640075036930526,0.08079009010462807,0.08855478016854623,0.08662401174533481
0.07237869550871351,0.9979999999999992,0.06531559889191815,0.06644733410596586,0.08075596487699387,0.0886136583759925,0.0866941223400585
0.0724605006308572,0.9989999999999992,0.0653403802300135,0.06649389327075224,0.0807222113356509,0.08867292527873677,0.08676454926470097
0.07254236998292755,0.9999999999999992,0.06536532872629759,0.06654043157054156,0.08068875654000827,0.08873238830400522,0.08683496266235843
0.07262429599617896,1.0009999999999992,0.06539029939352466,0.06658694888401942,0.08065547226335319,0.08879191205717851,0.08690513644012682
0.07270619475701096,1.0019999999999991,0.06541530222080204,0.06663344570117871,0.08062240448320643,0.08885145337931007,0.08697499649756674
0.07278799303147677,1.002999999999999,0.06544040589425477,0.06667991703547521,0.08058976081516124,0.08891080687238728,0.08704442827516488
0.07286963483417094,1.0039999999999991,0.06546557860115257,0.0667263577888556,0.08055785227590351,0.0889699845402115,0.08711319542888254
0.0729510052666486,1.004999999999999,0.06549078356395129,0.0667727614033004,0.08052687053467136,0.08902889657071474,0.08718133887760475
0.07303206047845312,1.0059999999999991,0.06551601232983777,0.06681912005191504,0.08049679633935097,0.08908739458253565,0.08724888028720855
0.07311268583086082,1.006999999999999,0.06554133892619245,0.06686542233807409,0.08046756330841917,0.08914559578223379,0.08731574786957921
0.07319267813287224,1.0079999999999991,0.06556658549416425,0.06691166533807846,0.0804390323007291,0.08920339506187987,0.08738176818342609
0.07327196639511223,1.008999999999999,0.06559189428125248,0.06695783040333333,0.08041102122787933,0.0892607551267277,0.08744694932985159
0.07335049687653541,1.0099999999999991,0.06561718685412193,0.0670039115850486,0.08038335534608837,0.08931788780881506,0.08751135794401481
0.07342826644722232,1.0109999999999992,0.0656424657718943,0.0670498971542807,0.0803559867646137,0.08937474853901366,0.08757508608297034
0.07350516969944344,1.0119999999999991,0.06566766180077328,0.06709577507144167,0.08032880296992594,0.0894314224532433,0.0876381717518146
0.07358132711236456,1.0129999999999992,0.0656928649089589,0.06714153664082201,0.08030161236529254,0.08948803295730152,0.08770073301607106
0.07365674376321157,1.0139999999999991,0.06571789066494782,0.06718717865021163,0.08027418798597223,0.08954440337483123,0.08776278107710443
0.07373137847285653,1.0149999999999992,0.06574283868560234,0.06723269803083853,0.0802463756455537,0.08960076230772826,0.08782434261610331
0.07380519537864426,1.0159999999999991,0.06576768408826071,0.06727808696397358,0.08021807148586699,0.08965715792750881,0.08788553641306096
0.07387835764240498,1.0169999999999992,0.06579244077827422,0.06732334748527422,0.08018910118691909,0.08971355890428978,0.08794647562161773
0.07395087106448409,1.0179999999999991,0.06581698414082096,0.06736848173191312,0.08015940330562447,0.08977017698931856,0.08800729797510634
0.07402281404855462,1.0189999999999992,0.06584152709678194,0.06741348332637867,0.08012898202671347,0.08982707611529508,0.08806830758537924
0.07409428299792092,1.0199999999999991,0.06586582476986286,0.06745836321568294,0.08009786256474556,0.08988425457787952,0.08812962452863723
0.07416539657770281,1.0209999999999992,0.06589008585077882,0.06750312055133365,0.08006608237466757,0.08994183672226683,0.08819129327828558
0.07423631763184384,1.0219999999999991,0.0659141734740728,0.06754778736046055,0.0800336901262262,0.08999972941154825,0.08825332417406923
0.07430720017236637,1.0229999999999992,0.06593823386885825,0.06759237553432641,0.08000077892387278,0.0900578242986519,0.08831570000323709
0.07437808930539472,1.0239999999999991,0.06596212395757375,0.06763691196701746,0.0799674562292296,0.09011629914667225,0.08837846893449373
0.0744492026172837,1.0249999999999992,0.0659860932182308,0.06768141532710971,0.07993395647345022,0.09017500304626912,0.08844166813339843
0.07452069732366727,1.0259999999999991,0.06600991788950604,0.06772590036019512,0.0799004306918777,0.09023398176542961,0.08850538837641979
0.07459272216686005,1.0269999999999992,0.06603379406137952,0.06777038502499211,0.07986714111831736,0.09029324452432397,0.08856974080864556
0.07466541177011428,1.0279999999999991,0.06605763545954692,0.06781489133601794,0.07983440676889401,0.09035269911394567,0.08863476172488258
0.07473886576026233,1.0289999999999992,0.06608156052567069,0.06785944643038681,0.07980241579238699,0.09041234716006363,0.08870047346426028
0.07481308444570337,1.0299999999999991,0.06610541153605921,0.06790408009502724,0.07977131682462107,0.09047209458473987,0.08876667772653972
0.07488812523541992,1.0309999999999993,0.06612948549260403,0.06794879151768665,0.07974107615543632,0.09053188884066607,0.08883327121263046
0.07496407450380307,1.0319999999999991,0.06615348576038499,0.06799359791822682,0.07971157638392634,0.09059180218195202,0.08890018458076838
0.0750410378002598,1.0329999999999993,0.0661776233905533,0.0680385185928252,0.07968264135031716,0.0906518322675187,0.0889673775149171
0.07511893534461174,1.0339999999999991,0.06620175141052692,0.06808356591870154,0.07965433337925744,0.09071196900211702,0.08903485469262315
0.07519775343013652,1.034999999999999,0.06622603730446638,0.06812875067768648,0.07962660547136162,0.0907723870650046,0.08910264574338157
0.07527731410662784,1.0359999999999991,0.06625026250487813,0.06817405190841062,0.07959932461692847,0.09083316503841733,0.0891706574397741
0.07535753880510228,1.036999999999999,0.06627468541178409,0.06821945347631496,0.07957229356992955,0.0908943689174333,0.08923872105576161
0.0754383990674631,1.0379999999999991,0.0662990926916843,0.06826493706299419,0.07954521976305456,0.09095610571835759,0.08930668155775308
0.07551980785622517,1.038999999999999,0.06632363617458699,0.0683104940328739,0.07951796892135898,0.0910185409933746,0.08937455224796004
0.07560151180342563,1.0399999999999991,0.06634814594184081,0.06835611876768885,0.07949045368608354,0.09108175574961318,0.08944240277210891
0.07568341208716442,1.040999999999999,0.06637280772102583,0.06840179318113501,0.07946266040004066,0.09114585735071351,0.08951021775906773
0.07576544567365717,1.0419999999999991,0.06639743238063124,0.06844751293873598,0.07943450080890117,0.09121085464053744,0.08957796843229156
0.07584755104367322,1.042999999999999,0.06642212000541729,0.06849324866726399,0.07940598019548173,0.09127685773758416,0.0896457205732572
0.07592959375037941,1.0439999999999992,0.06644681787199745,0.0685390006647016,0.07937690490725101,0.09134394421034306,0.08971344539138879
0.07601144094001511,1.044999999999999,0.06647151937542455,0.06858474796786336,0.07934722427220237,0.09141209800994415,0.08978108265129019
0.0760929918690929,1.0459999999999992,0.06649616952353035,0.06863047101899102,0.07931697649616354,0.09148116148502383,0.08984867737792092
0.07617413327070857,1.046999999999999,0.06652084486394991,0.06867614861429974,0.07928626119600268,0.09155101978506329,0.08991627792474381
0.07625466155269213,1.0479999999999992,0.0665454953112527,0.06872177014498182,0.07925510285593522,0.09162145180070283,0.08998391565865821
0.07633462614971592,1.048999999999999,0.06657012869515158,0.06876735714543353,0.07922347183371518,0.09169228499417631,0.09005163811863726
0.07641404540283632,1.0499999999999992,0.06659468131799881,0.0688128965396236,0.07919138404458585,0.09176306538853071,0.09011951046004833
0.07649283354948996,1.050999999999999,0.06661921921322977,0.0688583786016289,0.07915901799835609,0.09183339524822569,0.0901875881111407
0.07657102081817863,1.0519999999999992,0.06664370923949935,0.06890379308745434,0.07912652185261052,0.09190291109001297,0.09025580794058329
0.07664870359677026,1.052999999999999,0.0666681162212482,0.06894914983936647,0.07909392507989736,0.09197127516630402,0.09032416086182198
0.0767259904474516,1.0539999999999992,0.0666924877455802,0.06899447053439854,0.0790611864410043,0.09203822503673295,0.09039268027068986
0.0768029937341544,1.054999999999999,0.06671674685891063,0.06903975939634809,0.07902833125787888,0.09210355452172052,0.0904614341091887
0.07687969600870737,1.0559999999999992,0.0667408970689022,0.06908500644412785,0.07899532614512163,0.09216693402911934,0.09053048868194957
0.07695634562252264,1.056999999999999,0.06676495273112852,0.06913021404334391,0.07896212175454534,0.0922280376522667,0.09059989058619597
0.07703311549315515,1.0579999999999992,0.06678891370101293,0.06917540753300198,0.07892870363577384,0.0922864434417556,0.09066960790353759
0.07711014253333587,1.058999999999999,0.06681280421612071,0.06922060412839723,0.07889501389470603,0.09234215460950929,0.09073965778574103
0.07718761055741094,1.0599999999999992,0.06683664872465009,0.06926580313829879,0.07886098841551754,0.09239554219493717,0.0908099734024491
0.07726562254061027,1.060999999999999,0.06686040392384413,0.06931100887279278,0.0788266158745434,0.09244666653421578,0.0908804683534534
0.07734430672885523,1.0619999999999992,0.06688418246526516,0.06935622576553013,0.07879202470692671,0.09249541770380841,0.09095108233915183
0.07742368177156661,1.062999999999999,0.0669078976298291,0.06940149023283994,0.07875744674924862,0.0925416210559211,0.0910218160293222
0.07750374361067258,1.0639999999999992,0.06693164213351327,0.0694468135143955,0.07872312035990407,0.09258520145449783,0.09109266075824228
0.07758473476362357,1.064999999999999,0.06695544521961534,0.06949217976311443,0.07868910112038335,0.09262641131356165,0.09116349781806225
0.07766659131689788,1.0659999999999992,0.06697932621243782,0.0695375998402857,0.0786556296181533,0.09266565897515372,0.09123431796921949
0.0777492666155608,1.066999999999999,0.06700327020736832,0.06958307826958196,0.07862285171802881,0.09270322172637273,0.09130510233539081
0.07783272411651128,1.0679999999999992,0.06702740752122847,0.06962863593901829,0.07859084613577043,0.09273953709933924,0.09137575861120649
0.07791694377313178,1.068999999999999,0.06705162689230428,0.06967426759948098,0.07855967289678524,0.09277468441604197,0.0914461830972707
0.0780018554638468,1.0699999999999992,0.06707604798540465,0.06971996855722967,0.0785293951997076,0.09280872447280089,0.09151634972187771
0.078087553196359,1.070999999999999,0.067100649575387,0.06976573886931597,0.07850013762294426,0.09284219161963196,0.0915863032326014
0.07817380439844968,1.0719999999999992,0.06712546653266029,0.06981157906187407,0.07847176343739463,0.09287540520297681,0.09165612256929836
0.07826053504845862,1.072999999999999,0.06715048222423882,0.06985749087249807,0.078444167472364,0.09290884920317316,0.09172583233856847
0.07834764146328017,1.0739999999999992,0.06717574596664305,0.06990346005855431,0.07841761854360026,0.09294291715663484,0.09179540101083426
0.07843503771978996,1.074999999999999,0.06720121443566637,0.06994948872462828,0.07839266585909621,0.09297783515355908,0.09186485766151849
0.07852270031068169,1.0759999999999992,0.06722686975648733,0.06999555194483845,0.07836959659170036,0.09301390108943294,0.09193416151630976
0.0786104749141271,1.076999999999999,0.06725272948133812,0.07004166028805218,0.07834823862478944,0.09305138492736457,0.09200326016186253
0.07869831502218913,1.0779999999999992,0.06727875983594427,0.07008780064327058,0.07832840099060266,0.09309034266880618,0.09207220040911662
0.07878603231033754,1.078999999999999,0.06730495691675169,0.0701339744472048,0.07830997715678718,0.09313099194794036,0.09214108054083447
0.07887348831348366,1.0799999999999992,0.06733131858484029,0.07018017654137466,0.07829294332878291,0.09317343617711143,0.09220990594376101
0.0789606807150631,1.080999999999999,0.06735781882186119,0.07022639598722462,0.07827718266050994,0.09321763367382337,0.09227852912166529
0.07904756166182864,1.0819999999999992,0.0673844281113104,0.07027263840121499,0.0782625996705066,0.09326361029623999,0.09234678529315679
0.07913396917900206,1.082999999999999,0.06741114026434919,0.07031889668512159,0.07824887342781804,0.09331117290778977,0.09241472502406783
0.07921989614485618,1.0839999999999992,0.06743798327993358,0.07036515741923598,0.07823537589104966,0.09336010432496487,0.09248240214104655
0.0793052408111521,1.084999999999999,0.06746482871136644,0.07041142290457125,0.07822139977187813,0.09341025536526888,0.09254983112750702
0.07939002327428074,1.0859999999999992,0.06749180487020126,0.0704576877885201,0.07820676664945721,0.09346141644077244,0.09261699898254808
0.07947426237429914,1.086999999999999,0.06751883670031113,0.07050396181932075,0.07819160232732951,0.09351352093685326,0.09268395010817185
0.0795579702008371,1.0879999999999992,0.06754588770251523,0.07055023619700845,0.07817583116577202,0.09356643072000383,0.09275065372088681
0.07964123738048882,1.088999999999999,0.06757296510499153,0.07059649682461196,0.07815913806820748,0.0936198990891568,0.09281700029524502
0.0797241063887693,1.0899999999999992,0.06760016808276836,0.0706427367589439,0.0781410979315321,0.09367375081075223,0.0928830709799534
0.079806759301372,1.090999999999999,0.06762734745964166,0.07068895944049383,0.07812148172607364,0.09372793402332122,0.0929490864491485
0.0798891592305006,1.0919999999999992,0.06765460034938886,0.07073517904459131,0.07810035725894555,0.09378237228232096,0.09301513730703788
0.07997139771665769,1.092999999999999,0.06768198895095459,0.07078137181537568,0.0780778326536958,0.09383714851913169,0.09308123323905468
0.08005360446541704,1.0939999999999992,0.06770938795833532,0.07082755723300865,0.07805391718062145,0.09389224198609264,0.09314733429750897
0.08013587481062773,1.094999999999999,0.0677368815859414,0.07087371528636068,0.07802863595433053,0.09394747218227388,0.0932135256728723
0.0802181973959844,1.0959999999999992,0.06776456085221352,0.07091984769211265,0.07800184229198287,0.0940026629961727,0.09327985131556424
0.08030081019093237,1.096999999999999,0.06779225922649722,0.07096596519254532,0.07797349465784885,0.09405785368755512,0.09334630279857158
0.08038390687173214,1.0979999999999992,0.06782011975565112,0.07101206403396768,0.07794375250740718,0.09411310827426783,0.09341296318985827
0.08046743949499754,1.098999999999999,0.06784812460948823,0.0710581525557788,0.07791270912211906,0.09416844060030356,0.09347988217325912
0.08055144337437041,1.099999999999999,0.06787623294021607,0.07110421276214857,0.07788044258221727,0.09422393495384346,0.09354711305184507
0.08063593735790939,1.100999999999999,0.0679044251570069,0.07115026712594918,0.0778471056453567,0.09427949175644477,0.09361462282250185
0.08072089005111908,1.101999999999999,0.06793285236865089,0.07119632292748576,0.07781270968824072,0.09433496537468239,0.09368233219226382
0.08080639849752154,1.102999999999999,0.06796133471752867,0.07124238021634571,0.07777736055542431,0.09439035705672306,0.09375021405154958
0.0808924079707751,1.103999999999999,0.06798993025557555,0.07128842687601038,0.07774116064205999,0.0944456669219764,0.09381820413401583
0.08097885332339218,1.104999999999999,0.06801871722793004,0.07133447354032203,0.0777043491335306,0.0945010042365362,0.09388624862137605
0.08106563233454879,1.105999999999999,0.06804763984271325,0.07138054324734239,0.07766715126947489,0.09455647257927183,0.09395427510613057
0.08115259970048623,1.106999999999999,0.06807666204169677,0.0714266372288285,0.07762978340961048,0.09461184544901281,0.09402229266679417
0.08123969484309929,1.107999999999999,0.06810590472357493,0.07147272744661921,0.07759223943334494,0.094667099959954,0.09409038903062977
0.08132685500484131,1.108999999999999,0.06813524212345981,0.07151882129641096,0.07755450887622865,0.0947222030754662,0.09415838921028684
0.08141393410658726,1.109999999999999,0.06816470046771318,0.07156493513556011,0.07751662393515381,0.0947771376884113,0.09422613221067683
0.08150061110294565,1.110999999999999,0.06819429327420473,0.07161107343482685,0.07747868157820392,0.09483212128340918,0.09429348009092547
0.0815866736641039,1.111999999999999,0.06822401314322707,0.0716572173987145,0.07744072445971016,0.09488706177518914,0.09436044393750266
0.08167210457964409,1.112999999999999,0.06825374484958956,0.07170336088461506,0.07740285421626601,0.09494178693676066,0.09442708032725057
0.08175685342442984,1.113999999999999,0.06828361276539252,0.071749512588398,0.07736498950402695,0.09499634635098747,0.09449335031315849
0.08184071135743044,1.114999999999999,0.06831357639045277,0.07179565678819962,0.0773269218239894,0.09505071058132886,0.09455928468418259
0.08192363282180866,1.115999999999999,0.06834358340080461,0.07184180197907816,0.07728838629744789,0.09510499908941462,0.09462480751625132
0.08200550162004283,1.116999999999999,0.0683736562500194,0.07188794856752252,0.07724925453231855,0.0951592789587023,0.09468984255183255
0.08208615449422028,1.117999999999999,0.06840380355237301,0.07193408372042871,0.07720977742303486,0.09521324180873328,0.09475431821833699
0.0821655487940066,1.118999999999999,0.06843396724972724,0.07198021306353221,0.07717028647134551,0.09526676258814469,0.09481815940782472
0.08224376384542158,1.119999999999999,0.06846415598915574,0.07202632731757684,0.07713078617481249,0.09531987900520567,0.09488145016594977
0.08232068736404947,1.120999999999999,0.0684944001325178,0.0720724524605008,0.07709122282397453,0.09537229868007517,0.09494418517672706
0.0823963426151637,1.121999999999999,0.0685246304254885,0.07211856356739332,0.07705154804664938,0.09542388629696877,0.09500647065296584
0.08247082889223765,1.122999999999999,0.06855489512958478,0.07216464696177587,0.07701181509431575,0.09547429578426261,0.09506822050879705
0.08254403220759528,1.123999999999999,0.06858522505904353,0.07221073193070104,0.07697208720309591,0.09552318242152359,0.09512951284699152
0.08261613222988821,1.1249999999999991,0.068615518885217,0.0722568084757854,0.07693241163108304,0.09557053230359491,0.09519030326497113
0.08268721732808158,1.125999999999999,0.0686459036203817,0.07230288524171932,0.07689278812967208,0.09561632918172279,0.09525058657829757
0.08275718458088638,1.1269999999999991,0.068676334112172,0.07234894394212509,0.07685311865328041,0.09566052979717192,0.09531033583987521
0.08282610807330933,1.127999999999999,0.06870681741778947,0.07239500340065962,0.07681315914877972,0.09570320367553155,0.09536960856892823
0.08289426577811611,1.1289999999999991,0.06873741199594956,0.07244106155925341,0.0767727939492341,0.09574433407057654,0.09542857150811539
0.0829616948658643,1.129999999999999,0.06876812498357478,0.07248711521318553,0.07673206597287825,0.09578376285322411,0.09548730858929019
0.08302859874271583,1.1309999999999991,0.06879890456962609,0.07253316141748094,0.0766910307564168,0.09582155987730474,0.0955458706919862
0.08309509887172957,1.131999999999999,0.06882979479098467,0.07257918596424436,0.07664963529441708,0.09585809799440838,0.09560420038755846
0.08316127516376,1.1329999999999991,0.06886081898832563,0.07262519531953596,0.07660788812144945,0.09589386429907817,0.09566224520266678
0.08322721639026115,1.133999999999999,0.06889192987519266,0.07267120170905762,0.07656598498472843,0.09592898775883281,0.09571999302837379
0.08329316157989876,1.1349999999999991,0.06892311022618745,0.07271718908409154,0.07652413495996874,0.09596332273389527,0.09577745498651456
0.08335920388423783,1.135999999999999,0.0689544634542156,0.07276313482488299,0.07648252685498284,0.09599685614122912,0.09583473095669869
0.08342533773849053,1.1369999999999991,0.06898587138184273,0.07280903424363253,0.07644140652756624,0.09602986524187515,0.0958918675049615
0.08349182701035339,1.137999999999999,0.06901743106589026,0.07285488332934364,0.07640096712150951,0.09606259707812974,0.09594887741896842
0.08355865824023825,1.1389999999999991,0.06904908312116338,0.07290066183641968,0.0763614673142605,0.09609521265832234,0.09600569667444783
0.08362589045089365,1.139999999999999,0.0690808603255258,0.0729463756265605,0.07632316057992011,0.09612795204254385,0.09606228918712109
0.08369367958793589,1.1409999999999991,0.069112748423375,0.07299201486659705,0.0762862620567518,0.0961608606043726,0.09611854660270094
0.08376196040065209,1.141999999999999,0.06914479832294207,0.07303752705129234,0.07625113949636914,0.09619398614170876,0.0961745129619274
0.0838307222933581,1.1429999999999991,0.06917696839601935,0.0730829320488691,0.07621800973688245,0.09622735014873296,0.09623017982388499
0.08390013985775198,1.143999999999999,0.06920933269030613,0.07312824928946067,0.07618709886306291,0.09626110138579874,0.09628557499696418
0.08397010214401382,1.1449999999999991,0.06924179774845005,0.07317345281081844,0.0761585461615523,0.09629549550812154,0.09634074138078719
0.08404048684527476,1.145999999999999,0.06927450693990299,0.07321851392067635,0.07613254547739011,0.09633052736375068,0.09639563340859415
0.0841114978795547,1.1469999999999991,0.06930735324453875,0.07326344642145159,0.07610933841100599,0.09636605369727494,0.09645016535121156
0.08418293114652076,1.147999999999999,0.06934039765673537,0.07330823177733227,0.07608920861120094,0.09640204775219974,0.09650426306879174
0.0842548162638785,1.1489999999999991,0.06937366373599038,0.07335286444905667,0.07607203686517475,0.09643847963775715,0.09655786267493241
0.08432723093325643,1.149999999999999,0.06940713435973704,0.07339737676786402,0.07605753578356203,0.09647535610476231,0.09661099410353266
0.08440004712007432,1.1509999999999991,0.06944074372249917,0.07344173571963628,0.0760453221707944,0.09651266563434059,0.09666360254632332
0.0844732048019974,1.151999999999999,0.06947458441677748,0.07348593772707435,0.07603522114171257,0.09655026982993102,0.09671574743993329
0.08454669970744044,1.1529999999999991,0.06950855772819321,0.07352999212669496,0.0760272306064009,0.09658809100924658,0.09676742538739795
0.08462038494284628,1.153999999999999,0.0695427564283379,0.07357391269851217,0.07602104923434214,0.09662608955928116,0.09681855413277186
0.0846941935734898,1.1549999999999991,0.06957708382463583,0.0736176877342404,0.07601617405054813,0.0966642876248452,0.09686909784137993
0.08476824701586895,1.155999999999999,0.06961162481529982,0.07366133266561999,0.07601204699017725,0.0967028651656639,0.09691902546252737
0.08484229720857722,1.1569999999999991,0.06964629602272455,0.07370482892360639,0.07600796563066427,0.09674179545743693,0.09696840469241402
0.08491610122184098,1.157999999999999,0.06968118957076147,0.07374820114695944,0.07600319479674444,0.09678118778311509,0.09701720443936596
0.08498973580011572,1.1589999999999991,0.06971616313102787,0.07379148565214853,0.07599738325825513,0.09682115796177879,0.09706546468637929
0.08506309957017495,1.159999999999999,0.06975135818542982,0.07383464730457126,0.07599056696062116,0.09686160804045296,0.09711316168825825
0.08513599449161291,1.1609999999999991,0.06978663461448806,0.07387769458368008,0.07598274896663185,0.09690246317893617,0.0971602985171037
0.08520847262923756,1.161999999999999,0.06982210405100756,0.07392064831958042,0.07597351582618826,0.09694369544987304,0.09720688003741478
0.08528044998650683,1.162999999999999,0.069857635698158,0.07396351300518028,0.07596224838418703,0.09698533516294454,0.09725295040540138
0.08535169883279511,1.163999999999999,0.06989336195810182,0.07400631993670691,0.07594868869953124,0.09702733130848658,0.09729847826126077
0.08542227189194464,1.164999999999999,0.06992918372277489,0.07404903727202554,0.0759330200055281,0.09706930640369416,0.09734334805859661
0.0854920566102318,1.165999999999999,0.06996517806387055,0.07409168148188319,0.07591555611472646,0.09711077391982387,0.0973874764030586
0.08556094084195293,1.166999999999999,0.07000126426897352,0.07413428970108339,0.07589644289632065,0.09715161389431028,0.09743104908111151
0.08562896248114446,1.167999999999999,0.07003749768622479,0.07417685326043372,0.07587581518895452,0.09719162046648358,0.09747405816607402
0.08569611365577369,1.168999999999999,0.07007383442264713,0.07421938658537115,0.07585377618956202,0.09723060726380667,0.09751629736396006
0.08576212489033329,1.169999999999999,0.07011027070226933,0.07426190657073055,0.07583040526501002,0.09726834674348384,0.09755739720990882
0.08582716399461135,1.170999999999999,0.07014682637230829,0.07430441126865511,0.07580598384907794,0.0973048430600916,0.0975973892009988
0.08589121709173335,1.171999999999999,0.07018350945586366,0.07434689197622929,0.07578078222538602,0.0973402460109974,0.09763641329118881
0.08595405084766208,1.172999999999999,0.07022035789712612,0.07438936653656597,0.075755043200653,0.09737440342049453,0.09767426001999549
0.08601593499819062,1.173999999999999,0.07025745236417633,0.0744318437860198,0.07572889357094721,0.09740689602654619,0.0977102447121057
0.08607683902216881,1.174999999999999,0.07029477918789072,0.07447430584498575,0.07570227851655678,0.09743764020073147,0.0977439504494576
0.08613670931813647,1.175999999999999,0.0703322432587941,0.07451676838621259,0.07567524280380175,0.09746713473244698,0.09777542681577589
0.08619566102191963,1.176999999999999,0.07036994616705801,0.07455923952200333,0.07564792926774015,0.09749597080145,0.09780471217402598
0.08625368081872413,1.177999999999999,0.07040781573253413,0.07460172505265028,0.07562041552099086,0.09752434811577022,0.09783154233068095
0.08631084915540795,1.178999999999999,0.07044579300972302,0.0746442185197374,0.07559280029437015,0.09755184388786019,0.09785548043385478
0.0863673280231208,1.179999999999999,0.07048393212508741,0.07468670475764115,0.0755650765079963,0.09757820643718632,0.09787653806017536
0.08642318101877226,1.180999999999999,0.0705223268833924,0.07472919952014842,0.0755371667252211,0.09760334651266139,0.09789458499151443
0.08647835935582301,1.181999999999999,0.07056083234568175,0.0747717127170069,0.07550917977529382,0.0976272589245049,0.09790924334454618
0.0865328434172884,1.182999999999999,0.07059970153808519,0.07481423061428716,0.07548130417344155,0.09765023652870135,0.09792079901581004
0.08658698593808618,1.183999999999999,0.07063877372990628,0.07485676225090596,0.07545364243469366,0.09767276490226971,0.09793002716560537
0.0866408519671954,1.184999999999999,0.07067819323295378,0.07489930227700292,0.0754262953775509,0.09769533851620239,0.09793776601487261
0.08669431767840768,1.185999999999999,0.07071798314364852,0.07494184524786669,0.07539935350058892,0.0977178501852012,0.09794400571972525
0.08674753831337166,1.186999999999999,0.07075825543854115,0.07498438309427138,0.07537306704256631,0.09773979410267816,0.0979484262351177
0.08680056467300624,1.187999999999999,0.07079884027892915,0.07502691278765976,0.07534765836281294,0.0977609710104717,0.09795125510398968
0.0868534803688429,1.188999999999999,0.07083993444996536,0.07506946021733209,0.07532338933005954,0.09778207856700863,0.09795353020230743
0.08690635395050808,1.189999999999999,0.07088136581464527,0.07511200105596245,0.07530035602659896,0.09780375381065808,0.09795602402406672
0.08695901740156618,1.190999999999999,0.07092309733458217,0.07515452199396,0.07527869874202538,0.09782624645046602,0.09795929033688291
0.08701157716092828,1.191999999999999,0.07096509204995723,0.07519702942553985,0.07525863476310485,0.09784936228998645,0.0979634251958371
0.08706408599022643,1.192999999999999,0.07100735546602657,0.07523949953580346,0.0752404352148305,0.09787300640871929,0.09796873241193568
0.08711620168667177,1.193999999999999,0.07104967680876939,0.07528196805308694,0.07522429763324578,0.0978972521910751,0.09797544586007291
0.08716800598946614,1.194999999999999,0.07109215284946481,0.07532440923263245,0.07521008700534884,0.09792215463613801,0.09798353012225137
0.08721972071823378,1.195999999999999,0.07113468736523657,0.07536679041500373,0.07519750400318606,0.09794775476966186,0.09799310250799215
0.08727109433127325,1.196999999999999,0.07117716241186778,0.07540912951898168,0.07518636484872716,0.09797409861284971,0.09800440969248823
0.08732189317600217,1.197999999999999,0.07121948467239804,0.07545142752903655,0.07517659440673737,0.09800126176581526,0.09801764484908389
0.08737231823349433,1.198999999999999,0.0712617312255181,0.07549365989546954,0.07516792467717666,0.09802929111109517,0.09803317970820888
0.08742237348481147,1.199999999999999,0.07130370473515239,0.07553583746235255,0.0751599736565339,0.0980579618821999,0.09805087077774667
0.08747202872985631,1.200999999999999,0.07134553974729349,0.07557794321425572,0.07515231130596046,0.09808708949724462,0.09807064958002376
0.08752117583437044,1.201999999999999,0.07138723445321835,0.075619965806578,0.07514434412959964,0.09811630036434865,0.09809228615853137
0.0875696996348478,1.202999999999999,0.07142870753749032,0.07566192173455738,0.0751354181793406,0.09814512681500094,0.09811536740913915
0.08761768258738603,1.203999999999999,0.071469968634326,0.07570380673806237,0.07512505530007277,0.09817340062470431,0.09814008101532848
0.08766502178425936,1.204999999999999,0.07151107544387812,0.07574562455864327,0.07511326571491321,0.09820097136139327,0.09816655979727545
0.08771168384568531,1.205999999999999,0.07155194604278194,0.07578734078619172,0.07510013072174511,0.09822756708913423,0.09819488800883061
0.08775765974543255,1.206999999999999,0.07159266177600161,0.07582896978414205,0.07508547420371525,0.09825303999145266,0.09822511899503955
0.08780297367871967,1.207999999999999,0.07163327676554285,0.0758705378791106,0.07506909245298012,0.09827709317031075,0.09825689641062381
0.08784735488067248,1.208999999999999,0.07167376921535464,0.07591202992388274,0.07505080283287005,0.09829941129551309,0.09828990985844382
0.08789098320130667,1.209999999999999,0.07171416375930885,0.0759534407993729,0.07503070007839051,0.09831987640409093,0.09832427191195567
0.08793403340486164,1.210999999999999,0.07175457557016979,0.07599478175538556,0.07500902399549066,0.09833826974290921,0.09835959307478724
0.08797641090367515,1.211999999999999,0.07179492714646206,0.07603603264823947,0.07498602575757243,0.09835493164205861,0.09839589184026327
0.08801806785318789,1.212999999999999,0.07183525254338304,0.07607720797517459,0.07496193131824709,0.09837031112235374,0.0984333813022437
0.08805930483485681,1.213999999999999,0.07187562715642934,0.0761183226008354,0.07493695031992785,0.09838436030290279,0.09847172839443044
0.08810007864563865,1.214999999999999,0.07191595081950886,0.07615933973548286,0.07491127164341697,0.09839702720820163,0.09851098330356996
0.08814042474802151,1.215999999999999,0.07195624945900961,0.07620025976675017,0.07488499363185334,0.09840829375258241,0.09855078483742362
0.08818051460108803,1.216999999999999,0.07199666890390749,0.07624111299912338,0.07485834037626835,0.09841849382816516,0.09859091471876612
0.08822032937213543,1.217999999999999,0.07203705459967755,0.07628189244710977,0.07483163721695692,0.09842808317491222,0.09863167283832405
0.08825996837148258,1.218999999999999,0.07207741753219707,0.07632258331952971,0.07480522004292146,0.09843715976930083,0.09867278019739065
0.08829959467439608,1.219999999999999,0.07211786287580446,0.07636318436018967,0.07477928556904007,0.09844568931848928,0.09871376048603502
0.08833903547635572,1.220999999999999,0.07215826199437313,0.07640369084312564,0.07475396776249357,0.09845400962581521,0.09875488028502213
0.08837847882225432,1.221999999999999,0.07219866430102474,0.07644412451473187,0.07472938500872343,0.09846221564555267,0.09879628332630148
0.08841810516056242,1.222999999999999,0.07223911950539143,0.07648447905087724,0.0747057957734701,0.09847044712383007,0.09883831320621254
0.08845773796845408,1.223999999999999,0.07227958254821643,0.07652475028945596,0.07468352181209782,0.09847892458393707,0.09888116228062856
0.08849744931622357,1.224999999999999,0.07232000833334482,0.07656494710192326,0.07466261104382584,0.0984877464467023,0.09892445218573144
0.0885375190254609,1.2259999999999989,0.07236045414387947,0.0766050677677907,0.07464308235690092,0.09849712604189645,0.09896825714561178
0.08857770511345109,1.226999999999999,0.07240092736467253,0.0766451436980711,0.07462499022894527,0.09850704103178304,0.09901298056809128
0.0886180234009735,1.2279999999999989,0.07244137442127944,0.07668516217506008,0.07460844901190053,0.09851734470520976,0.09905881280785203
0.08865879243929775,1.228999999999999,0.0724818256001258,0.07672512912877597,0.0745935462651342,0.09852812368506333,0.0991059337465264
0.08869974818393386,1.2299999999999989,0.07252232839192689,0.07676505024095089,0.07458019256013347,0.09853950769348063,0.09915444101338464
0.08874091859343801,1.230999999999999,0.0725627990182352,0.07680494861337085,0.0745681972545306,0.0985514608277219,0.0992043050901576
0.08878248526791609,1.2319999999999989,0.07260328742104881,0.07684482110267463,0.07455739223838921,0.09856383450152922,0.09925568496493159
0.08882436547895589,1.232999999999999,0.07264383492625683,0.07688467174801317,0.07454756011133733,0.09857627141413892,0.09930841068289945
0.08886649734597415,1.2339999999999989,0.07268444099039852,0.07692451798308993,0.07453855318751339,0.09858850998834075,0.09936227598351292
0.08890906376653931,1.234999999999999,0.07272510018260353,0.07696432678278489,0.0745302731551407,0.09860060195185673,0.09941723329441089
0.08895188155382117,1.2359999999999989,0.07276583980951547,0.07700411889414706,0.07452248807313627,0.09861240358816707,0.0994732815930004
0.08899505953259836,1.236999999999999,0.07280670762850783,0.07704390246732865,0.07451495358606956,0.09862390524708961,0.09953021660510789
0.08903875222012682,1.2379999999999989,0.0728476403152184,0.07708362974877866,0.07450730377256166,0.09863498557692299,0.09958799197665129
0.08908267990188379,1.238999999999999,0.07288868956609494,0.07712332702529241,0.07449917118797403,0.09864548233668448,0.09964639741459758
0.08912685992177197,1.2399999999999989,0.07292988940824612,0.07716299504780941,0.07449039758086998,0.09865525957541853,0.09970524614005281
0.08917161799600033,1.240999999999999,0.07297118597836486,0.07720261284362678,0.07448103854181197,0.0986642308310952,0.099764477002514
0.08921669677683394,1.2419999999999989,0.07301261894363739,0.07724219016632931,0.07447117047284957,0.09867223893750895,0.0998239909925417
0.08926180858055545,1.242999999999999,0.0730541948866962,0.07728169353014673,0.07446077632752271,0.09867927131654493,0.09988360559010365
0.08930748713081751,1.2439999999999989,0.07309590434674496,0.07732108938188316,0.07444968286714153,0.09868543707940643,0.09994336206038852
0.08935341803660132,1.244999999999999,0.07313781662385892,0.07736036079054477,0.07443785973173808,0.09869076631058525,0.10000329851171512
0.08939949147383583,1.2459999999999989,0.07317984487744811,0.07739950004788161,0.07442547620115694,0.09869533044218545,0.10006347610413902
0.08944579322479429,1.246999999999999,0.07322202045029616,0.07743849803499395,0.07441275073759662,0.09869914638506992,0.10012379922146776
0.08949240927716004,1.2479999999999989,0.07326438133518882,0.07747733527595632,0.07439985877257792,0.09870227971068425,0.10018413839332854
0.08953903354909507,1.248999999999999,0.0733068459426093,0.07751603571667813,0.07438704301598184,0.09870473872061945,0.10024447480696766
0.0895858801214069,1.249999999999999,0.073349475834726,0.07755455601004309,0.07437452685757105,0.09870652656865735,0.10030484478268625
0.08963289077245096,1.250999999999999,0.0733922788582666,0.07759293931344634,0.07436233259035117,0.09870767091385874,0.10036530442658106
0.08967979198974677,1.251999999999999,0.0734352205625808,0.07763114007700249,0.07435047172883304,0.09870855195887517,0.10042596706024788
0.08972678168349711,1.252999999999999,0.0734783050818747,0.07766916143982268,0.07433905831600277,0.09870952601993051,0.10048673706470167
0.08977380228741118,1.253999999999999,0.07352157015499788,0.07770694355070892,0.07432827681483067,0.09871072789914921,0.1005476027566353
0.08982058501133156,1.254999999999999,0.07356501076144815,0.07774451068539162,0.07431828053730419,0.09871214631043833,0.10060858601090782
0.089867233661413,1.255999999999999,0.07360860121185729,0.07778187211704983,0.07430915142574608,0.09871362422139612,0.10066952229305001
0.08991383284904242,1.256999999999999,0.07365238777907414,0.07781900278534114,0.07430088770667449,0.09871516746752065,0.10073056105797702
0.08995993122475128,1.257999999999999,0.07369633057679907,0.07785596650326738,0.07429351414407884,0.09871673386075505,0.1007916667811249
0.09000586508740248,1.258999999999999,0.07374043801030666,0.07789271139687867,0.07428708865759147,0.09871825421604227,0.10085294367963134
0.09005152966969109,1.259999999999999,0.07378473382785765,0.07792928985423513,0.07428170746978682,0.09871965440947089,0.10091453287825738
0.09009652485601784,1.260999999999999,0.07382920367673453,0.07796569528882265,0.0742773610771306,0.09872090950246573,0.1009762132818752
0.09014120677125786,1.261999999999999,0.07387383622576538,0.07800191197448718,0.07427405529889416,0.09872215511301072,0.10103801984156302
0.09018562581890609,1.262999999999999,0.0739186301062387,0.07803790692621711,0.07427178686431583,0.09872305949851,0.10110004511185024
0.09022920943504467,1.263999999999999,0.07396356931715707,0.07807374040941092,0.07427053937450921,0.09872293596078484,0.101162162563737
0.0902723306773351,1.264999999999999,0.07400864214912947,0.07810938461304012,0.07427030598838423,0.09872122652699106,0.1012246240199693
0.09031524895044088,1.265999999999999,0.07405389883450132,0.07814485378236168,0.07427108244977187,0.09871779763599171,0.10128748369955316
0.09035737935209581,1.266999999999999,0.07409931767514359,0.07818013356630935,0.07427282759403284,0.0987124836644454,0.10135047596240301
0.09039898791315604,1.267999999999999,0.07414487195471861,0.07821522569192522,0.07427548418664116,0.0987050880879058,0.10141387741883774
0.09044043038927456,1.268999999999999,0.07419059294331257,0.07825019174752815,0.07427901760642817,0.09869543967896847,0.10147757260090748
0.0904811629813076,1.269999999999999,0.074236454408036,0.07828504986941441,0.07428337247055292,0.09868356985917838,0.10154151755990394
0.09052145653386579,1.270999999999999,0.07428243104557122,0.07831982723734476,0.07428851315242149,0.09866944090313454,0.10160594939557716
0.09056157473161142,1.271999999999999,0.07432855079308712,0.07835458010380959,0.07429441174987046,0.09865273166354027,0.10167064677395943
0.0906011942908734,1.272999999999999,0.0743748248242197,0.07838931821088056,0.07430104318903571,0.09863329006785553,0.1017356114717806
0.09064040658040179,1.273999999999999,0.07442118696669686,0.07842408436889471,0.07430836987151007,0.09861127953590179,0.10180094924096246
0.0906796941771722,1.274999999999999,0.07446772112195703,0.0784588880691698,0.07431635374137459,0.09858709412055693,0.10186638118340897
0.09071854540511214,1.275999999999999,0.07451444877306374,0.07849380527736816,0.07432498253479149,0.09856113808700141,0.10193199998456345
0.09075702319454487,1.276999999999999,0.07456124382598561,0.07852881242106868,0.07433426813078231,0.09853358212511341,0.10199788847243293
0.09079566815875866,1.277999999999999,0.07460819228438607,0.07856402032108822,0.07434424254340602,0.09850451843554325,0.10206382278720105
0.09083393907037302,1.278999999999999,0.0746553392858879,0.07859935507427435,0.07435496777958961,0.09847421040292934,0.10212985816324666
0.09087199263894245,1.279999999999999,0.07470250322288664,0.07863490492610124,0.07436645666778532,0.09844285863822529,0.10219595493865595
0.09091023439574224,1.280999999999999,0.0747497934618188,0.07867057163454723,0.07437872394728529,0.09841068169021797,0.10226192507715418
0.09094819297062434,1.281999999999999,0.07479727647192577,0.07870637819300726,0.0743918312179481,0.0983780982601211,0.10232787130238906
0.0909859126931153,1.282999999999999,0.07484481912475145,0.0787423201371754,0.07440585885615836,0.09834537047451926,0.10239374502735252
0.09102404359885173,1.283999999999999,0.07489246793841148,0.07877840344306498,0.07442089507443649,0.09831276838164564,0.10245948960984128
0.09106180160558727,1.284999999999999,0.07494029624010189,0.07881459237065139,0.07443700711493982,0.09828049933669933,0.10252517715922728
0.09109933196905239,1.285999999999999,0.07498817813773015,0.07885090026517075,0.07445430553940167,0.09824883803010102,0.10259065985476513
0.09113735760115466,1.286999999999999,0.07503618876725843,0.0788872917818508,0.07447280288619679,0.09821794717973817,0.10265589212396468
0.09117517041300696,1.287999999999999,0.0750843606539681,0.07892374315876267,0.07449248611826394,0.09818780496241848,0.10272087306130753
0.0912126490620787,1.288999999999999,0.07513257203912439,0.07896023285291259,0.07451331998184936,0.09815825851235753,0.10278546322484712
0.09125054679639633,1.289999999999999,0.0751808741646082,0.07899674478635157,0.07453528227269009,0.09812936688384354,0.10284968643629422
0.09128839503028507,1.2909999999999988,0.07522936971554138,0.07903323428328385,0.07455839121998648,0.09810132985567735,0.10291362633589207
0.09132580593199006,1.291999999999999,0.07527788855759142,0.07906972709806093,0.07458265455923162,0.09807387702349044,0.10297703206232495
0.09136360157363647,1.2929999999999988,0.07532646158933883,0.07910619640439057,0.07460798584714223,0.09804653327984693,0.10303957180792998
0.09140133566676836,1.293999999999999,0.07537519157992421,0.07914266541185447,0.07463430894787146,0.09801908292907467,0.10310110870954808
0.091438910809348,1.2949999999999988,0.0754239460055507,0.07917908149526728,0.07466156418885637,0.09799171279410217,0.10316164002930182
0.09147683210659334,1.295999999999999,0.07547267109690996,0.0792154702562944,0.0746896500457097,0.09796455272882756,0.10322119671883791
0.09151465198157782,1.2969999999999988,0.07552148405075926,0.07925177218417703,0.07471849004853232,0.09793701756175549,0.10327957534251979
0.09155258166104477,1.297999999999999,0.07557037252805958,0.07928805091643838,0.07474806768890838,0.09790853278036492,0.1033361294176468
0.09159095217493377,1.2989999999999988,0.07561925826207726,0.07932426380414813,0.07477837301811012,0.09787919055111631,0.10339058733652032
0.09162945019309517,1.299999999999999,0.07566819929013452,0.07936046880737156,0.07480937234811154,0.09784923500956935,0.10344325012408755
0.09166811807356466,1.3009999999999988,0.0757172134315253,0.07939656061020318,0.0748409837877648,0.0978186263142206,0.10349399354809116
0.0917074647879332,1.301999999999999,0.07576623725867497,0.07943263146986464,0.07487313349541795,0.0977869313527425,0.10354213972998604
0.09174710111333909,1.3029999999999988,0.07581535809959816,0.07946862600552151,0.07490581012756574,0.09775392839030662,0.10358721919141535
0.09178694201640565,1.303999999999999,0.07586456592164854,0.07950461053146773,0.07493904021647663,0.09771955819183235,0.10362896637019206
0.0918275552830835,1.3049999999999988,0.07591378611362692,0.07954046875073228,0.07497286614700871,0.09768374059546762,0.10366744591637272
0.09186861768470035,1.305999999999999,0.07596309909021629,0.07957633694779616,0.07500727467112292,0.09764597191027669,0.10370275138614153
0.09191006366655269,1.3069999999999988,0.0760125188544468,0.07961206717464725,0.07504226920365943,0.09760613461940419,0.10373464345436954
0.09195218378473007,1.307999999999999,0.07606200355198293,0.07964779405985777,0.07507786306330004,0.09756457156725659,0.10376344795357031
0.09199489463540175,1.3089999999999988,0.07611160047842669,0.07968341742312536,0.07511405574162865,0.09752167863842193,0.10378970983379598
0.0920380261483699,1.309999999999999,0.07616133312856893,0.07971902723479525,0.07515087071221417,0.09747719618467031,0.10381311715215366
0.09208176781979141,1.3109999999999988,0.07621112283500248,0.07975448050200953,0.07518834411539163,0.09743041792347763,0.10383349865779325
0.09212600293768938,1.311999999999999,0.07626103968908814,0.07978991565251561,0.07522649768509053,0.09738079567021783,0.10385105789020442
0.09217079328297972,1.3129999999999988,0.07631110765544799,0.07982522856742198,0.07526534111552519,0.09732871948048152,0.10386698688752956
0.09221603081971683,1.313999999999999,0.07636125420406639,0.07986052017113814,0.07530487244132675,0.09727504573314842,0.10388290073495011
0.0922617012885955,1.3149999999999988,0.07641155471399898,0.07989566076990612,0.07534506133035945,0.09722014830053992,0.10389930478372154
0.0923078103198764,1.315999999999999,0.07646199782150008,0.0799307772662135,0.07538588334520789,0.09716399428571137,0.10391611554303946
0.09235418198444523,1.3169999999999988,0.0765125595192756,0.07996571725428461,0.07542732885640033,0.09710663132668419,0.10393345204791794
0.09240083180190158,1.317999999999999,0.07656327890508259,0.08000066882501564,0.07546939281107408,0.09704810303524775,0.10395156097134574
0.09244772154354602,1.3189999999999988,0.07661414928485927,0.08003542029725437,0.07551203397310105,0.096988552722914,0.10397112803462037
0.09249467224124092,1.319999999999999,0.07666512522452694,0.08007014428604872,0.07555521559594364,0.09692816400672041,0.10399273218002415
0.09254173638623897,1.3209999999999988,0.0767162996343446,0.08010467874145445,0.07559889891697653,0.09686733220466615,0.10401670058320273
0.09258877856990055,1.321999999999999,0.07676766527415843,0.08013919982842976,0.0756429992740934,0.09680660668502304,0.1040435024926564
0.0926357472919496,1.3229999999999988,0.0768191792895575,0.08017352586681283,0.0756874481678338,0.09674633812755924,0.10407340956838106
0.09268253808349769,1.323999999999999,0.07687090352732125,0.0802078331092649,0.07573220008241668,0.09668669157685096,0.1041063312406366
0.09272907932034254,1.3249999999999988,0.07692283262799361,0.08024194186424892,0.07577725217644854,0.09662761353486576,0.10414192605927002
0.09277536539510328,1.325999999999999,0.07697493421133553,0.08027604100187022,0.075822597434415,0.09656915377213751,0.1041799117077699
0.09282122292685133,1.3269999999999988,0.07702722084030947,0.08030994837267379,0.07586820319953906,0.09651146637400286,0.10422029213049516
0.09286664697582689,1.327999999999999,0.07707973932844375,0.08034380871630135,0.0759140191668817,0.09645463856041478,0.10426308913784041
0.09291162542565772,1.3289999999999988,0.07713250964060431,0.08037749385453277,0.07595999495966378,0.09639867653229406,0.10430838254118636
0.09295602222424439,1.329999999999999,0.07718553775624826,0.08041112265180766,0.076006117743293,0.09634379893463803,0.10435637570333706
0.092999759461976,1.3309999999999989,0.07723883074267311,0.08044457538724352,0.07605238022323463,0.09629013394074758,0.10440712615581046
0.09304301484112862,1.331999999999999,0.0772923977270496,0.08047799721503991,0.07609876399531082,0.09623758766738501,0.10446024139293335
0.09308534717296521,1.3329999999999989,0.07734622080165747,0.08051126660526721,0.07614524706223345,0.096185928631706,0.1045151554302322
0.09312706958223946,1.333999999999999,0.07740033174582887,0.08054446333351738,0.07619180217930406,0.09613501620868292,0.10457135648094873
0.09316795534805655,1.3349999999999989,0.07745476920270497,0.08057749985765178,0.07623841815788504,0.09608492729611179,0.10462872352504224
0.09320798329317297,1.335999999999999,0.07750954450678851,0.08061048172542747,0.07628509933330437,0.09603577454168405,0.10468743615633233
0.09324721613070261,1.3369999999999989,0.07756464517161649,0.08064330427061919,0.07633184142485226,0.09598770745710011,0.10474753549313486
0.09328575294603471,1.337999999999999,0.0776201583384726,0.08067607983779881,0.07637863645030338,0.09594088307537572,0.10480898274756612
0.09332323424798875,1.3389999999999989,0.0776760483486843,0.08070869718364071,0.07642548248108405,0.09589520183991229,0.10487178760829143
0.09336015638132872,1.339999999999999,0.07773232605324079,0.08074123444859793,0.07647237126700777,0.09585050376186827,0.10493573961813245
0.09339622911494035,1.3409999999999989,0.0777889994540252,0.08077363229419714,0.07651930997624491,0.09580640551945369,0.10500036917766639
0.09343143110957687,1.341999999999999,0.07784616852584791,0.08080591566339523,0.07656630397492153,0.09576280694163931,0.10506534881904626
0.09346606906994664,1.3429999999999989,0.07790380864048159,0.08083807670126841,0.07661335289229021,0.09571969495422723,0.10513067606005944
0.09349989828676637,1.343999999999999,0.07796192085093676,0.0808701195411949,0.07666045085753194,0.09567675817202552,0.10519649018709505
0.09353298745378355,1.3449999999999989,0.07802053580695145,0.08090204619624058,0.07670760535665784,0.09563333938727217,0.10526279978181569
0.09356537791318886,1.345999999999999,0.07807965387673159,0.08093381578948278,0.07675481583518651,0.09558908365422775,0.10532925864268683
0.09359708285662706,1.3469999999999989,0.07813927002077892,0.08096547483120967,0.07680209110054123,0.09554355293424936,0.1053955913994268
0.09362797335763391,1.347999999999999,0.07819935977138832,0.08099699224247646,0.07684943588146287,0.09549635255813714,0.10546183498090174
0.0936581127762367,1.3489999999999989,0.07825990924679978,0.08102841554415467,0.07689684927248029,0.09544725593532928,0.10552818007264372
0.09368751824846502,1.349999999999999,0.07832093660612252,0.08105967315924015,0.076944341187125,0.09539625799208977,0.10559457337044378
0.093716174839213,1.3509999999999989,0.07838234672266076,0.08109084327902283,0.07699190597413391,0.09534330548946346,0.10566058718769306
0.0937439815118119,1.351999999999999,0.07844407327376232,0.08112185832545987,0.07703954325329901,0.0952881152343705,0.10572596021673616
0.09377103017583857,1.3529999999999989,0.07850614160773679,0.08115281423647251,0.07708723518948288,0.09523035100614309,0.10579099211712965
0.0937974078779021,1.353999999999999,0.07856843578150231,0.0811836168302427,0.07713497869030056,0.09516990272743744,0.10585619254566654
0.09382280577643379,1.3549999999999989,0.07863085876560094,0.08121433797199597,0.07718276121006018,0.09510709139082718,0.10592176240593582
0.0938475377611862,1.3559999999999988,0.07869336922196167,0.08124487249937162,0.07723058014400407,0.0950423756717611,0.10598768967285564
0.09387158808028752,1.3569999999999989,0.078755919409456,0.08127538012099346,0.07727843064963269,0.09497609089411496,0.10605390630201425
0.09389474914746054,1.3579999999999988,0.07881842977805097,0.081305682653362,0.0773263068949306,0.09490859719072677,0.10612064303649449
0.09391713418058321,1.3589999999999989,0.07888085726199112,0.08133595490284208,0.07737421058169178,0.09484017854932886,0.10618801313838923
0.09393895952071268,1.3599999999999988,0.07894312659950334,0.08136603926044156,0.07742213609829252,0.09477097165566582,0.10625595461149236
0.09395984455247974,1.3609999999999989,0.07900520558382797,0.08139607996587382,0.07747008615253333,0.09470133524953323,0.10632460061505628
0.09397998492217191,1.3619999999999988,0.07906710069105059,0.08142593477488907,0.07751805857630344,0.09463195573376654,0.10639414228761318
0.09399966956872027,1.3629999999999989,0.07912874619209119,0.08145580704734073,0.07756605632460438,0.0945635402039991,0.10646468408275644
0.09401841792083024,1.3639999999999988,0.07919013329838975,0.08148548515587174,0.0776140775268507,0.09449656915692693,0.10653610071336367
0.09403656464171416,1.3649999999999989,0.07925125096091283,0.08151514698047838,0.07766212866625385,0.09443146476934716,0.10660811066145803
0.09405426142736563,1.3659999999999988,0.07931214933800745,0.08154460349864964,0.07771020367944492,0.09436851362855397,0.10668045954005378
0.0940712840032194,1.3669999999999989,0.0793727805756305,0.0815740716110399,0.07775831573163983,0.09430778830737514,0.10675296020548004
0.09408777904920738,1.3679999999999988,0.07943320211686876,0.0816033310560459,0.07780646112800768,0.09424906081212886,0.10682533003498851
0.09410420317676216,1.3689999999999989,0.07949347509246549,0.0816325782587274,0.07785464938764637,0.0941919715236929,0.10689742932284943
0.09412018439760668,1.3699999999999988,0.07955358554177504,0.08166161097508515,0.07790288059225021,0.09413634234824483,0.1069692159648557
0.09413587199889535,1.3709999999999989,0.07961357805638823,0.08169063828688389,0.07795115675335818,0.09408222415876105,0.10704059914276805
0.09415177475019955,1.3719999999999988,0.07967354546978442,0.08171944467083707,0.07799948056280574,0.094029538061962,0.10711138424330333
0.09416752397912623,1.3729999999999989,0.079733442557159,0.08174829793100111,0.07804785399349705,0.09397762190985538,0.1071810883073648
0.09418314788881824,1.3739999999999988,0.07979338123376238,0.08177689444882433,0.07809628029233487,0.0939257144368339,0.10724910366615446
0.09419943978310433,1.374999999999999,0.07985343490216973,0.08180551200443667,0.07814475683907879,0.09387340196679499,0.10731521826922912
0.0942157977035003,1.3759999999999988,0.07991352497154293,0.08183391084893507,0.07819328091828683,0.09382077527719972,0.10737943936268439
0.09423245857690246,1.376999999999999,0.07997372904997316,0.0818623491283269,0.07824184650377684,0.09376779977149537,0.10744172559918133
0.09424986308777111,1.3779999999999988,0.0800341014976949,0.08189057068836024,0.07829044924692492,0.09371409500457206,0.10750166221013265
0.0942676562990017,1.378999999999999,0.08009458836877496,0.0819188288954789,0.078339077306893,0.09365938118597064,0.10755848006980838
0.09428587010603119,1.3799999999999988,0.08015521213462982,0.08194690310186024,0.07838771600145775,0.09360422808612287,0.10761201180659437
0.09430491640511081,1.380999999999999,0.08021607337494696,0.08197500685056304,0.07843634232158897,0.0935491837411671,0.10766237406738724
0.09432454960843524,1.3819999999999988,0.08027707695938718,0.0820029641057113,0.07848492909979025,0.0934942777123135,0.10770911089174796
0.0943447620829089,1.382999999999999,0.08033823320804666,0.0820309342415716,0.0785334531252247,0.09343922676147381,0.10775127725155198
0.09436584462139291,1.3839999999999988,0.0803995539074846,0.08205876029999895,0.07858190011362493,0.09338406290296467,0.10778819384838957
0.09438770451681205,1.384999999999999,0.08046099216306812,0.08208661189472503,0.07863025747780746,0.09332938047092645,0.10781978723714603
0.0944100572769449,1.3859999999999988,0.08052246000133387,0.08211432829646184,0.07867852328012832,0.09327570046716967,0.10784627486198539
0.09443331316491331,1.386999999999999,0.08058402908925481,0.08214208104321888,0.07872669798923473,0.09322291987564632,0.10786763522344595
0.09445731895158967,1.3879999999999988,0.08064562558365325,0.08216968807403344,0.07877477556210463,0.09317082403394912,0.10788375403567213
0.0944819443611513,1.388999999999999,0.08070722032591746,0.08219730751364561,0.07882275825140314,0.09311967185042228,0.10789502748315564
0.09450730501908339,1.3899999999999988,0.08076883471947205,0.08222477808693625,0.07887063916047303,0.09307007256534539,0.1079022007114037
0.09453342222588415,1.390999999999999,0.08083044606533697,0.08225225193336708,0.07891841643970803,0.0930217956119645,0.1079051920436778
0.0945597779200832,1.3919999999999988,0.08089199420084636,0.0822795711433319,0.07896608548074575,0.09297411893540151,0.1079035949887491
0.0945867129420392,1.392999999999999,0.08095356789685886,0.08230690844994867,0.07901364463738741,0.09292644706391513,0.10789772955797376
0.09461394261176122,1.3939999999999988,0.08101516540233096,0.08233409239313844,0.07906109957070478,0.0928788901275964,0.1078892835407952
0.09464145475061461,1.394999999999999,0.08107673481681194,0.08236127436614918,0.0791084495811173,0.09283186023297826,0.107880382455179
0.0946690779635511,1.3959999999999988,0.08113835604735292,0.0823883303570181,0.07915571214882891,0.09278518986722481,0.10787228981221468
0.09469710688773778,1.396999999999999,0.08120001440233006,0.082415370257522,0.07920289513667611,0.09273802604024672,0.1078650516293553
0.09472509821899726,1.3979999999999988,0.0812616528269482,0.0824422649405929,0.07925001813853853,0.09268996887225263,0.10785857318769367
0.09475315943431026,1.398999999999999,0.08132337718180252,0.08246913720920544,0.07929710098803942,0.09264094683457728,0.10785345271475634
0.09478141201878848,1.3999999999999988,0.08138519713272305,0.08249591303475973,0.07934415097665862,0.09259076211357527,0.10785042853135983
0.09480944565786227,1.400999999999999,0.08144704491741012,0.08252266271488758,0.07939118156406093,0.09253905992225814,0.10785002710329182
0.09483767252978799,1.4019999999999988,0.08150900515471508,0.08254932819819776,0.07943818812712541,0.09248564905647894,0.1078528838178725
0.09486606007694438,1.402999999999999,0.08157107736869898,0.082575940158129,0.07948517806834834,0.09243065047573662,0.10785971908742012
0.09489449913044996,1.4039999999999988,0.08163321127879357,0.0826024037516223,0.07953215094718252,0.09237448771546634,0.10787100962496947
0.09492329446389194,1.404999999999999,0.08169549534606523,0.08262883242229407,0.07957910809200335,0.0923172462823985,0.10788665968617984
0.09495235018194008,1.4059999999999988,0.08175792682890183,0.08265509573655401,0.07962605275352777,0.09225879341979393,0.10790587874491468
0.09498165654547547,1.406999999999999,0.08182047031081183,0.08268126647010059,0.0796729970873375,0.09219914169397266,0.1079278400896169
0.09501142457483307,1.4079999999999988,0.08188317993118234,0.08270730780143186,0.07971994825744014,0.09213879016079811,0.10795230940414838
0.095041475373641,1.408999999999999,0.08194610118423648,0.08273321760006712,0.07976691971860868,0.0920779717189886,0.10797926592443545
0.09507204379397072,1.4099999999999988,0.08200915918416642,0.08275900884324422,0.07981391878476887,0.09201682264625799,0.10800837572170525
0.09510290331767678,1.410999999999999,0.08207239532118321,0.08278464615419821,0.07986094856113526,0.09195578427053304,0.10803944569737448
0.09513433333151038,1.4119999999999988,0.08213586707409744,0.08281013633803443,0.07990801687175549,0.091895473124156,0.10807249092000767
0.09516611778580336,1.412999999999999,0.08219951079712078,0.08283545230619405,0.07995512917510977,0.09183642266928033,0.10810732218918817
0.09519831583062117,1.4139999999999988,0.0822633631565488,0.0828605956451648,0.08000229366172533,0.09177919938966084,0.1081431433054737
0.09523102047290082,1.414999999999999,0.08232749566875248,0.08288557841832683,0.08004951056759461,0.0917240805479577,0.10817911282968579
0.09526404613523472,1.4159999999999988,0.08239178231553787,0.0829104060903865,0.08009678617582877,0.09167141700943959,0.10821466082157356
0.09529755917005119,1.416999999999999,0.08245628328987843,0.0829350375046206,0.08014411604522997,0.091621494097313,0.1082498513526718
0.09533145911409549,1.4179999999999988,0.08252106047371298,0.08295952179404768,0.0801915026141859,0.09157441239280183,0.10828508039398577
0.09536564735547397,1.4189999999999987,0.08258603306794202,0.08298377258808469,0.08023894325392959,0.0915300989672206,0.10832039325099287
0.09540050894219827,1.4199999999999988,0.08265125190281047,0.08300787365260845,0.08028643264490153,0.09148863380324009,0.10835560428804418
0.09543538981086336,1.4209999999999987,0.08271672661809165,0.08303170401297533,0.08033396844728508,0.09145029355547557,0.10839083331367137
0.09547095411276242,1.4219999999999988,0.08278234719596314,0.08305524237309422,0.08038154398503113,0.09141501479470067,0.10842600806248147
0.0955066073050858,1.4229999999999987,0.08284816658056332,0.08307854137495975,0.0804291570085954,0.09138224325489622,0.1084606946317122
0.0955427304388693,1.4239999999999988,0.08291424941765355,0.08310155647860454,0.08047680092081508,0.09135124808251315,0.10849437639820643
0.09557909434957242,1.4249999999999987,0.08298048541585461,0.0831242791924425,0.08052446973434474,0.09132157366876602,0.10852713535556863
0.09561566180442585,1.4259999999999988,0.08304686491657455,0.08314675893630062,0.08057215324927862,0.09129321068063533,0.10855940852957705
0.09565246968559722,1.4269999999999987,0.0831134323044654,0.08316888847435568,0.08061984188053932,0.09126579165167895,0.10859129635581685
0.09568950721299851,1.4279999999999988,0.08318012978855054,0.08319075442260317,0.08066752950741535,0.09123859224302688,0.10862201787362756
0.09572670544027087,1.4289999999999987,0.08324692112007132,0.08321226583316242,0.08071520961255957,0.09121107366515659,0.10865054369495555
0.09576402390693928,1.4299999999999988,0.08331388388259578,0.08323346603032485,0.08076287828978147,0.0911834416523411,0.10867685951012916
0.09580167733154289,1.4309999999999987,0.08338089332462197,0.08325436037783891,0.0808105297858028,0.09115568787394192,0.10870157853754182
0.09583920111733368,1.4319999999999988,0.08344791822785558,0.08327499553590716,0.0808581552900021,0.09112738277185332,0.10872485979280509
0.09587718268914217,1.4329999999999987,0.08351508334231075,0.08329533825995113,0.08090575385078855,0.09109784782752345,0.10874573990118554
0.09591506775085491,1.4339999999999988,0.08358227966877974,0.08331552180562248,0.08095332193562901,0.09106660989506052,0.10876323028808577
0.09595323774932105,1.4349999999999987,0.08364948450906041,0.08333545805548913,0.08100086187463111,0.09103376476634951,0.10877737110574272
0.09599151168671897,1.4359999999999988,0.08371683967594801,0.08335521340279038,0.08104837148759605,0.0909995791358127,0.10878869465436979
0.09602999529672297,1.4369999999999987,0.08378424415022936,0.0833748181258783,0.08109584707181675,0.09096408998669388,0.10879768360003095
0.09606857977345534,1.4379999999999988,0.08385166025802054,0.0833943179052558,0.08114329622811889,0.09092708561237496,0.10880435612680618
0.09610750842797239,1.4389999999999987,0.08391921838143869,0.08341374943664281,0.08119071704299953,0.09088852255123525,0.10880902704439951
0.09614653253371122,1.4399999999999988,0.08398682324535324,0.08343317999747817,0.0812381181422912,0.0908486978655672,0.10881264152415597
0.09618591801071576,1.4409999999999987,0.08405448373759372,0.08345260532298408,0.08128549898275025,0.09080752177523331,0.10881553407564411
0.09622565470868415,1.4419999999999988,0.08412225175592702,0.08347209030683002,0.08133286659756667,0.09076469519618334,0.10881731136751663
0.096265679601553,1.4429999999999987,0.08419005399229743,0.0834916677931203,0.08138022940372615,0.0907201695739093,0.10881775824706054
0.09630624034161925,1.4439999999999988,0.0842579635334767,0.08351132433753886,0.0814275945372204,0.09067452334904161,0.10881820263071541
0.09634712655020136,1.4449999999999987,0.08432605289192259,0.0835310832915631,0.08147497272151875,0.09062838744650258,0.1088205918505188
0.09638856649487088,1.4459999999999988,0.0843941898453314,0.08355101155684988,0.08152236007794098,0.09058215651312117,0.10882620149641814
0.09643056812433805,1.4469999999999987,0.08446241707246452,0.08357108238923437,0.08156975927076401,0.09053575694438927,0.10883496902080955
0.09647301692698004,1.4479999999999988,0.0845308010460679,0.08359128156019509,0.08161716995753131,0.09048874513449981,0.10884613585399755
0.09651617426016436,1.4489999999999987,0.08459931068933756,0.08361161006950221,0.08166459249942823,0.09044100462081646,0.1088594660544805
0.0965598125784021,1.4499999999999988,0.08466793087915737,0.08363205392097695,0.0817120301425603,0.09039283526680662,0.10887519189166728
0.0966042397204016,1.4509999999999987,0.08473674172782007,0.08365251782418645,0.08175948195908007,0.0903444576418858,0.1088933760927045
0.09664921752648677,1.4519999999999988,0.08480573280870156,0.08367310283934522,0.08180694821843591,0.09029604979954743,0.10891407532772232
0.09669487419159796,1.4529999999999987,0.08487480535325774,0.08369371263983966,0.08185442672044586,0.09024793724085296,0.1089376931780347
0.09674116501494505,1.4539999999999988,0.08494404338028569,0.08371435352567393,0.08190191408812647,0.09020038413640016,0.10896442415955303
0.09678810072790732,1.4549999999999987,0.08501345842691028,0.08373498998318106,0.08194940758071177,0.09015350830579887,0.10899397768855748
0.0968356703874543,1.4559999999999989,0.08508301980511676,0.0837555979934037,0.0819969053273667,0.09010729044337903,0.10902552104088471
0.09688385054238573,1.4569999999999987,0.08515273814240658,0.08377609093992243,0.08204440561440413,0.09006123737676325,0.10905773188442874
0.09693260805634611,1.4579999999999989,0.08522265008385904,0.08379653656346363,0.08209190351592657,0.09001505045230938,0.10908991505247573
0.09698189861458358,1.4589999999999987,0.08529270969794686,0.08381689645127047,0.08213939541867936,0.08996885238142638,0.10912205826699917
0.09703177267399132,1.4599999999999989,0.08536293198192642,0.08383706541278399,0.0821868754395939,0.0899229880986262,0.10915432077036484
0.09708205963018866,1.4609999999999987,0.08543331421862206,0.0838570760290538,0.08223434141512749,0.08987750228620232,0.10918659144872837
0.09713293568438415,1.4619999999999989,0.08550383922440055,0.08387695265731604,0.08228179188241593,0.08983247275431365,0.1092187869293059
0.09718402967554737,1.4629999999999987,0.08557453023218307,0.08389653596758502,0.08232922689172369,0.0897877461813297,0.10925062237493315
0.09723571210933042,1.4639999999999989,0.08564533837978607,0.08391597428884803,0.08237665049880356,0.08974312924854132,0.10928166251878194
0.09728753109269729,1.4649999999999987,0.08571626168607956,0.08393526602872221,0.08242406373747221,0.08969837188050028,0.10931133369318102
0.0973398102055633,1.4659999999999989,0.08578737229044514,0.08395439947546263,0.08247147016471029,0.0896532267362508,0.10933897792973776
0.09739230533853825,1.4669999999999987,0.08585863772241559,0.08397340560763196,0.08251887604216894,0.08960741824331511,0.10936381225450162
0.09744500311118844,1.4679999999999989,0.08593000352982512,0.08399248630896083,0.08256627757984185,0.08956098041586395,0.10938575226820668
0.09749801086058732,1.4689999999999988,0.08600149871244948,0.08401138778788589,0.08261367904653252,0.08951431991627351,0.10940517038766047
0.0975510925857727,1.4699999999999989,0.0860731153955071,0.08403025614660169,0.08266108309624494,0.08946787017672969,0.1094224073415307
0.09760435380570487,1.4709999999999988,0.08614483918500128,0.08404908990625756,0.08270849259032059,0.08942171438776524,0.10943751325371484
0.09765787369886081,1.4719999999999989,0.08621669687727616,0.08406786992089946,0.08275591072370328,0.08937576643714261,0.10945032361618448
0.0977112524680282,1.4729999999999988,0.08628865143113942,0.08408655548249908,0.08280333335690303,0.0893298129290897,0.10946032846204957
0.0977650425728866,1.4739999999999989,0.08636067362141608,0.08410534765726628,0.08285076084927989,0.08928396602116753,0.10946718244311889
0.0978185114769008,1.4749999999999988,0.08643282261863687,0.0841240240645757,0.08289819546818082,0.08923825674794657,0.10947052565444902
0.09787231412005279,1.4759999999999989,0.08650503819317257,0.08414276839100972,0.08294564047269166,0.0891927077810639,0.10947032137259519
0.09792589784511178,1.4769999999999988,0.08657733123251504,0.08416152659340645,0.08299309665927683,0.08914728975016101,0.10946689671102934
0.09797951196535493,1.4779999999999989,0.0866497530561228,0.08418035009132828,0.08304056306013456,0.08910220210400396,0.10946069642644791
0.09803312292379815,1.4789999999999988,0.08672224879235653,0.08419907528246183,0.08308803577933001,0.08905766465814223,0.10945227878721904
0.09808643605561228,1.4799999999999989,0.0867947707246677,0.0842179980666168,0.08313551045003154,0.08901363333374851,0.10944189052531915
0.09813977640277496,1.4809999999999988,0.0868673920498219,0.08423681391667184,0.08318298342775843,0.08896979853822175,0.10942941049256606
0.09819271799059452,1.4819999999999987,0.086940083483002,0.08425571150109651,0.08323045352579418,0.08892597201514169,0.10941474281401722
0.09824559683903579,1.4829999999999988,0.08701279975456934,0.08427451954056486,0.08327791802301196,0.08888227804733982,0.10939843994512369
0.09829807551417054,1.4839999999999987,0.08708559390767816,0.08429337582421528,0.08332537454281656,0.0888389561440294,0.10938121365650737
0.0983504031143134,1.4849999999999988,0.0871584323520298,0.0843120370787821,0.08337282079979004,0.08879617215691105,0.10936367470673444
0.09840224212063656,1.4859999999999987,0.08723129141417608,0.08433074913835087,0.08342026041600112,0.0887539608532889,0.10934630606410034
0.09845393747737965,1.4869999999999988,0.08730417779768529,0.08434929191637942,0.08346769402868943,0.08871231752640964,0.10932966009433395
0.09850505544523352,1.4879999999999987,0.08737713398397538,0.08436778278529844,0.08351511235748477,0.08867140624649941,0.10931440869988873
0.09855592494323909,1.4889999999999988,0.08745014401491186,0.08438607888081705,0.08356251443472407,0.08863136233750112,0.10930091973058352
0.09860626727173433,1.4899999999999987,0.08752322322329611,0.08440439639723943,0.08360989794059868,0.08859232580262948,0.10928945963295682
0.09865621494345135,1.4909999999999988,0.08759638649660255,0.08442241619917719,0.0836572595270742,0.08855435611232493,0.10927996175052253
0.09870575858164167,1.4919999999999987,0.08766962289711795,0.08444048359937797,0.08370460161771846,0.08851764236186241,0.10927264629576554
0.09875478343913831,1.4929999999999988,0.08774294184401576,0.08445825334423487,0.08375191710430745,0.08848241615995507,0.10926790808963328
0.09880349136166987,1.4939999999999987,0.08781639053024233,0.08447599890175435,0.0837991934877617,0.08844871085018575,0.10926563894030111
0.0988516797799481,1.4949999999999988,0.08788985932987715,0.08449348264925317,0.08384642013380957,0.08841653471630993,0.10926547646659573
0.09889945401828455,1.4959999999999987,0.08796342119435127,0.08451095311377999,0.08389359708755958,0.08838588179210063,0.10926701316338526
0.0989469274118563,1.4969999999999988,0.08803714724843525,0.08452817061182451,0.0839407185418921,0.08835675175568124,0.10926980625105998
0.09899380693513624,1.4979999999999987,0.08811093450450007,0.08454533750978385,0.08398778426014507,0.0883290780865974,0.10927317767353503
0.09904059446988786,1.4989999999999988,0.08818483646691015,0.08456227929737721,0.08403478656631493,0.08830298356106499,0.1092768053542586
